aicehot_10km_prem.txt
  1    1.000000  1
215 75 140 215
       0  8164.96  5219.05  2751.76  99999.0  10000.0  5219.05  2751.76  1.00000
   19249  8164.62  5218.87  2751.68  99999.0  10000.0  5218.87  2751.68  1.00000
   38498  8163.63  5218.34  2751.43  99999.0  10000.0  5218.34  2751.43  1.00000
   57747  8161.99  5217.45  2751.02  99999.0  10000.0  5217.45  2751.02  1.00000
   76997  8159.68  5216.20  2750.45  99999.0  10000.0  5216.20  2750.45  1.00000
   96246  8156.73  5214.59  2749.71  99999.0  10000.0  5214.59  2749.71  1.00000
  115495  8153.11  5212.63  2748.80  99999.0  10000.0  5212.63  2748.80  1.00000
  134744  8148.85  5210.31  2747.73  99999.0  10000.0  5210.31  2747.73  1.00000
  153993  8143.93  5207.63  2746.50  99999.0  10000.0  5207.63  2746.50  1.00000
  173242  8138.35  5204.59  2745.10  99999.0  10000.0  5204.59  2745.10  1.00000
  192492  8132.13  5201.19  2743.53  99999.0  10000.0  5201.19  2743.53  1.00000
  211741  8125.26  5197.42  2741.80  99999.0  10000.0  5197.42  2741.80  1.00000
  230990  8117.74  5193.29  2739.89  99999.0  10000.0  5193.29  2739.89  1.00000
  250239  8109.58  5188.79  2737.82  99999.0  10000.0  5188.79  2737.82  1.00000
  269488  8100.78  5183.93  2735.58  99999.0  10000.0  5183.93  2735.58  1.00000
  288737  8091.33  5178.69  2733.17  99999.0  10000.0  5178.69  2733.17  1.00000
  307987  8081.25  5173.08  2730.59  99999.0  10000.0  5173.08  2730.59  1.00000
  327236  8070.52  5167.09  2727.84  99999.0  10000.0  5167.09  2727.84  1.00000
  346485  8059.16  5160.73  2724.91  99999.0  10000.0  5160.73  2724.91  1.00000
  365734  8047.18  5153.99  2721.81  99999.0  10000.0  5153.99  2721.81  1.00000
  384983  8034.56  5146.86  2718.53  99999.0  10000.0  5146.86  2718.53  1.00000
  404232  8021.32  5139.34  2715.07  99999.0  10000.0  5139.34  2715.07  1.00000
  423482  8007.45  5131.43  2711.43  99999.0  10000.0  5131.43  2711.43  1.00000
  442731  7992.97  5123.12  2707.62  99999.0  10000.0  5123.12  2707.62  1.00000
  461980  7977.88  5114.42  2703.62  99999.0  10000.0  5114.42  2703.62  1.00000
  481229  3478.84  7673.54  4294.62  99999.0    164.7  7673.54  4294.62  1.00000
  500478  3480.49  7682.72  4299.54  99999.0    161.8  7682.72  4299.54  1.00000
  519727  3476.45  7664.52  4294.08  99999.0    158.9  7664.52  4294.08  1.00000
  538977  3472.19  7645.25  4288.15  99999.0    156.0  7645.25  4288.15  1.00000
  558226  3468.19  7627.16  4282.81  99999.0    152.6  7627.16  4282.81  1.00000
  577475  3470.02  7637.02  4288.18  99999.0    149.3  7637.02  4288.18  1.00000
  596724  3464.81  7614.35  4282.26  99999.0    146.0  7614.35  4282.26  1.00000
  615973  3457.10  7582.64  4275.61  99999.0    142.8  7582.64  4275.61  1.00000
  635222  3463.13  7608.12  4282.62  99999.0    139.6  7608.12  4282.62  1.00000
  654472  3455.83  7577.91  4276.22  99999.0    136.5  7577.91  4276.22  1.00000
  673721  3449.81  7552.03  4270.13  99999.0    133.5  7552.03  4270.13  1.00000
  692970  3445.60  7532.73  4264.51  99999.0    130.5  7532.73  4264.51  1.00000
  712219  3447.65  7544.00  4270.70  99999.0    127.5  7544.00  4270.70  1.00000
  731468  3443.35  7524.36  4265.00  99999.0    124.6  7524.36  4265.00  1.00000
  750717  3439.13  7505.14  4259.44  99999.0    121.6  7505.14  4259.44  1.00000
  769967  3434.76  7484.64  4253.51  99999.0    118.3  7484.64  4253.51  1.00000
  789216  3436.85  7496.74  4260.02  99999.0    115.2  7496.74  4260.02  1.00000
  808465  3432.59  7476.90  4254.39  99999.0    112.1  7476.90  4254.39  1.00000
  827714  3428.31  7457.02  4248.78  99999.0    109.0  7457.02  4248.78  1.00000
  846963  3424.00  7437.02  4243.17  99999.0    106.1  7437.02  4243.17  1.00000
  866212  3426.25  7450.04  4250.05  99999.0    103.1  7450.04  4250.05  1.00000
  885462  3428.50  7463.00  4256.95  99999.0    100.3  7463.00  4256.95  1.00000
  904711  3424.24  7443.31  4251.47  99999.0     97.5  7443.31  4251.47  1.00000
  923960  3419.95  7423.47  4245.99  99999.0     94.8  7423.47  4245.99  1.00000
  943209  3414.00  7396.14  4237.73  99999.0     91.9  7396.14  4237.73  1.00000
  962458  3415.88  7407.56  4244.07  99999.0     88.8  7407.56  4244.07  1.00000
  981707  3404.36  7355.56  4226.48  99999.0     85.9  7355.56  4226.48  1.00000
 1000957  3399.96  7334.82  4220.99  99999.0     83.0  7334.82  4220.99  1.00000
 1020206  3395.52  7313.95  4215.49  99999.0     80.3  7313.95  4215.49  1.00000
 1039455  3391.05  7292.83  4209.97  99999.0     77.6  7292.83  4209.97  1.00000
 1058704  3386.54  7271.49  4204.43  99999.0     74.9  7271.49  4204.43  1.00000
 1077953  3389.08  7286.39  4212.06  99999.0     72.4  7286.39  4212.06  1.00000
 1126076  3381.35  7251.29  4204.97  99999.0     65.8  7251.29  4204.97  1.00000
 1145325  3376.78  7229.72  4199.50  99999.0     63.3  7229.72  4199.50  1.00000
 1164574  3372.14  7207.56  4193.76  99999.0     60.9  7207.56  4193.76  1.00000
 1183824  3367.48  7185.44  4188.18  99999.0     58.6  7185.44  4188.18  1.00000
 1203073  3362.79  7163.43  4182.64  99999.0     56.3  7163.43  4182.64  1.00000
 1222322  3358.06  7140.79  4177.05  99999.0     54.1  7140.79  4177.05  1.00000
 1241571  3360.91  7157.23  4185.28  99999.0     51.9  7157.23  4185.28  1.00000
 1260820  3363.74  7173.98  4193.47  99999.0     49.7  7173.98  4193.47  1.00000
 1280069  3359.06  7151.71  4188.06  99999.0     47.6  7151.71  4188.06  1.00000
 1299319  3354.25  7129.20  4183.07  99999.0     45.6  7129.20  4183.07  1.00000
 1318568  3349.12  7106.43  4179.69  99999.0     43.7  7106.43  4179.69  1.00000
 1337817  3343.95  7083.31  4176.13  99999.0     41.8  7083.31  4176.13  1.00000
 1342629  3344.86  7087.83  4177.43  99999.0     41.3  7087.83  4177.43  1.00000
 1361878  3361.89  7233.38  4236.83  99999.0    123.2  7233.38  4236.83  1.00000
 1381128  3382.28  7389.03  4308.69  99999.0    678.0  7389.03  4308.69  1.00000
 1400377  3397.90  7522.13  4364.07  99999.0  10960.4  7522.13  4364.07  1.00000
 1434063  3456.18  7768.34  4506.13  99999.0  99999.0  7768.34  4506.13  1.00000
 1438875  3440.85  7758.08  4491.20  99999.0  99999.0  7758.08  4491.20  1.00000
 1438875  1074.15  1723.27     0.00  99999.0  99999.0  1723.27     0.00  1.00000
 1440628  1073.23  1718.47     0.00  99999.0  99999.0  1718.47     0.00  1.00000
 1442380  1072.30  1713.67     0.00  99999.0  99999.0  1713.67     0.00  1.00000
 1444133  1071.36  1708.87     0.00  99999.0  99999.0  1708.87     0.00  1.00000
 1445885  1070.42  1704.07     0.00  99999.0  99999.0  1704.07     0.00  1.00000
 1447638  1069.48  1699.28     0.00  99999.0  99999.0  1699.28     0.00  1.00000
 1449390  1068.54  1694.48     0.00  99999.0  99999.0  1694.48     0.00  1.00000
 1451143  1067.60  1689.69     0.00  99999.0  99999.0  1689.69     0.00  1.00000
 1452895  1066.65  1684.89     0.00  99999.0  99999.0  1684.89     0.00  1.00000
 1454648  1065.69  1680.11     0.00  99999.0  99999.0  1680.11     0.00  1.00000
 1456400  1064.74  1675.33     0.00  99999.0  99999.0  1675.33     0.00  1.00000
 1458153  1063.78  1670.56     0.00  99999.0  99999.0  1670.56     0.00  1.00000
 1459905  1062.82  1665.78     0.00  99999.0  99999.0  1665.78     0.00  1.00000
 1461658  1061.86  1661.01     0.00  99999.0  99999.0  1661.01     0.00  1.00000
 1463410  1060.89  1656.25     0.00  99999.0  99999.0  1656.25     0.00  1.00000
 1465163  1059.92  1651.50     0.00  99999.0  99999.0  1651.50     0.00  1.00000
 1466915  1058.95  1646.75     0.00  99999.0  99999.0  1646.75     0.00  1.00000
 1468668  1057.97  1642.00     0.00  99999.0  99999.0  1642.00     0.00  1.00000
 1470420  1056.99  1637.27     0.00  99999.0  99999.0  1637.27     0.00  1.00000
 1472173  1056.01  1632.55     0.00  99999.0  99999.0  1632.55     0.00  1.00000
 1473925  1055.02  1627.83     0.00  99999.0  99999.0  1627.83     0.00  1.00000
 1475678  1054.03  1623.13     0.00  99999.0  99999.0  1623.13     0.00  1.00000
 1477430  1053.04  1618.44     0.00  99999.0  99999.0  1618.44     0.00  1.00000
 1479183  1052.05  1613.75     0.00  99999.0  99999.0  1613.75     0.00  1.00000
 1480935  1051.05  1609.08     0.00  99999.0  99999.0  1609.08     0.00  1.00000
 1482688  1050.05  1604.42     0.00  99999.0  99999.0  1604.42     0.00  1.00000
 1484440  1049.04  1599.77     0.00  99999.0  99999.0  1599.77     0.00  1.00000
 1486193  1048.03  1595.13     0.00  99999.0  99999.0  1595.13     0.00  1.00000
 1487945  1047.02  1590.51     0.00  99999.0  99999.0  1590.51     0.00  1.00000
 1489698  1046.01  1585.91     0.00  99999.0  99999.0  1585.91     0.00  1.00000
 1491450  1044.99  1581.31     0.00  99999.0  99999.0  1581.31     0.00  1.00000
 1493203  1043.98  1576.73     0.00  99999.0  99999.0  1576.73     0.00  1.00000
 1494955  1042.95  1572.17     0.00  99999.0  99999.0  1572.17     0.00  1.00000
 1496708  1041.92  1567.63     0.00  99999.0  99999.0  1567.63     0.00  1.00000
 1498460  1040.89  1563.09     0.00  99999.0  99999.0  1563.09     0.00  1.00000
 1500213  1039.86  1558.58     0.00  99999.0  99999.0  1558.58     0.00  1.00000
 1501965  1038.82  1554.09     0.00  99999.0  99999.0  1554.09     0.00  1.00000
 1503718  1037.78  1549.61     0.00  99999.0  99999.0  1549.61     0.00  1.00000
 1505470  1036.74  1545.16     0.00  99999.0  99999.0  1545.16     0.00  1.00000
 1507223  1035.69  1540.72     0.00  99999.0  99999.0  1540.72     0.00  1.00000
 1508976  1034.64  1536.30     0.00  99999.0  99999.0  1536.30     0.00  1.00000
 1510728  1033.58  1531.91     0.00  99999.0  99999.0  1531.91     0.00  1.00000
 1512481  1032.53  1527.53     0.00  99999.0  99999.0  1527.53     0.00  1.00000
 1514233  1031.47  1523.17     0.00  99999.0  99999.0  1523.17     0.00  1.00000
 1515986  1030.41  1518.84     0.00  99999.0  99999.0  1518.84     0.00  1.00000
 1517738  1029.34  1514.53     0.00  99999.0  99999.0  1514.53     0.00  1.00000
 1519491  1028.28  1510.23     0.00  99999.0  99999.0  1510.23     0.00  1.00000
 1521243  1027.19  1505.97     0.00  99999.0  99999.0  1505.97     0.00  1.00000
 1522996  1026.12  1501.72     0.00  99999.0  99999.0  1501.72     0.00  1.00000
 1524748  1025.04  1497.50     0.00  99999.0  99999.0  1497.50     0.00  1.00000
 1526501  1023.96  1493.31     0.00  99999.0  99999.0  1493.31     0.00  1.00000
 1528253  1022.88  1489.13     0.00  99999.0  99999.0  1489.13     0.00  1.00000
 1530006  1021.79  1484.98     0.00  99999.0  99999.0  1484.98     0.00  1.00000
 1531758  1020.69  1480.85     0.00  99999.0  99999.0  1480.85     0.00  1.00000
 1533511  1019.59  1476.75     0.00  99999.0  99999.0  1476.75     0.00  1.00000
 1535263  1018.49  1472.68     0.00  99999.0  99999.0  1472.68     0.00  1.00000
 1537016  1017.39  1468.62     0.00  99999.0  99999.0  1468.62     0.00  1.00000
 1538768  1016.29  1464.59     0.00  99999.0  99999.0  1464.59     0.00  1.00000
 1540521  1015.18  1460.59     0.00  99999.0  99999.0  1460.59     0.00  1.00000
 1542273  1014.07  1456.61     0.00  99999.0  99999.0  1456.61     0.00  1.00000
 1547531  1010.71  1444.82     0.00  99999.0  99999.0  1444.82     0.00  1.00000
 1549283  1009.58  1440.94     0.00  99999.0  99999.0  1440.94     0.00  1.00000
 1553957  1006.56  1430.71     0.00  99999.0  99999.0  1430.71     0.00  1.00000
 1554541  1006.18  1429.44     0.00  99999.0  99999.0  1429.44     0.00  1.00000
 1555125  1005.81  1428.18     0.00  99999.0  99999.0  1428.18     0.00  1.00000
 1555125   919.93  3857.86  1960.65  99999.0      5.7  3857.86  1960.65  1.00000
 1555257   919.92  3857.74  1960.59  99999.0      5.7  3857.74  1960.59  1.00000
 1555389   919.90  3857.62  1960.52  99999.0      5.7  3857.62  1960.52  1.00000
 1555521   919.88  3857.50  1960.46  99999.0      5.7  3857.50  1960.46  1.00000
 1555653   919.87  3857.37  1960.40  99999.0      5.7  3857.37  1960.40  1.00000
 1555786   919.85  3857.25  1960.33  99999.0      5.7  3857.25  1960.33  1.00000
 1555918   919.84  3857.13  1960.27  99999.0      5.7  3857.13  1960.27  1.00000
 1556050   919.82  3857.00  1960.21  99999.0      5.7  3857.00  1960.21  1.00000
 1556182   919.80  3856.88  1960.15  99999.0      5.7  3856.88  1960.15  1.00000
 1556314   919.79  3856.76  1960.09  99999.0      5.7  3856.76  1960.09  1.00000
 1556446   919.77  3856.63  1960.03  99999.0      5.7  3856.63  1960.03  1.00000
 1556578   919.75  3856.51  1959.96  99999.0      5.7  3856.51  1959.96  1.00000
 1556710   919.74  3856.39  1959.90  99999.0      5.7  3856.39  1959.90  1.00000
 1556842   919.72  3856.26  1959.84  99999.0      5.7  3856.26  1959.84  1.00000
 1556974   919.70  3856.14  1959.77  99999.0      5.7  3856.14  1959.77  1.00000
 1557107   919.69  3856.02  1959.71  99999.0      5.7  3856.02  1959.71  1.00000
 1557239   919.67  3855.90  1959.65  99999.0      5.7  3855.90  1959.65  1.00000
 1557371   919.66  3855.77  1959.58  99999.0      5.7  3855.77  1959.58  1.00000
 1557503   919.64  3855.65  1959.52  99999.0      5.7  3855.65  1959.52  1.00000
 1557635   919.62  3855.53  1959.46  99999.0      5.7  3855.53  1959.46  1.00000
 1557767   919.61  3855.40  1959.40  99999.0      5.7  3855.40  1959.40  1.00000
 1557899   919.59  3855.28  1959.34  99999.0      5.7  3855.28  1959.34  1.00000
 1558031   919.57  3855.16  1959.27  99999.0      5.7  3855.16  1959.27  1.00000
 1558163   919.56  3855.04  1959.21  99999.0      5.7  3855.04  1959.21  1.00000
 1558296   919.54  3854.92  1959.15  99999.0      5.7  3854.92  1959.15  1.00000
 1558428   919.52  3854.79  1959.08  99999.0      5.7  3854.79  1959.08  1.00000
 1558560   919.51  3854.66  1959.02  99999.0      5.7  3854.66  1959.02  1.00000
 1558692   919.49  3854.54  1958.96  99999.0      5.7  3854.54  1958.96  1.00000
 1558824   919.47  3854.42  1958.90  99999.0      5.7  3854.42  1958.90  1.00000
 1558956   919.46  3854.30  1958.84  99999.0      5.7  3854.30  1958.84  1.00000
 1559088   919.44  3854.18  1958.78  99999.0      5.7  3854.18  1958.78  1.00000
 1559220   919.43  3854.06  1958.71  99999.0      5.7  3854.06  1958.71  1.00000
 1559352   919.41  3853.93  1958.65  99999.0      5.7  3853.93  1958.65  1.00000
 1559485   919.39  3853.80  1958.59  99999.0      5.7  3853.80  1958.59  1.00000
 1559617   919.38  3853.68  1958.52  99999.0      5.7  3853.68  1958.52  1.00000
 1559749   919.36  3853.56  1958.46  99999.0      5.7  3853.56  1958.46  1.00000
 1559881   919.34  3853.44  1958.40  99999.0      5.7  3853.44  1958.40  1.00000
 1560013   919.33  3853.32  1958.33  99999.0      5.7  3853.32  1958.33  1.00000
 1560145   919.31  3853.20  1958.28  99999.0      5.7  3853.20  1958.28  1.00000
 1560277   919.29  3853.07  1958.22  99999.0      5.7  3853.07  1958.22  1.00000
 1560409   919.28  3852.95  1958.15  99999.0      5.7  3852.95  1958.15  1.00000
 1560541   919.26  3852.82  1958.09  99999.0      5.7  3852.82  1958.09  1.00000
 1560673   919.24  3852.67  1958.01  99999.0      5.7  3852.67  1958.01  1.00000
 1560806   919.34  3854.41  1958.89  99999.0      5.8  3854.41  1958.89  1.00000
 1560938   920.04  3866.69  1965.14  99999.0      6.4  3866.69  1965.14  1.00000
 1561070   920.64  3877.53  1970.64  99999.0      7.0  3877.53  1970.64  1.00000
 1561202   921.16  3886.88  1975.40  99999.0      7.6  3886.88  1975.40  1.00000
 1561334   921.69  3896.37  1980.22  99999.0      8.2  3896.37  1980.22  1.00000
 1561466   922.21  3905.93  1985.07  99999.0      9.0  3905.93  1985.07  1.00000
 1561598   922.72  3915.51  1989.95  99999.0      9.8  3915.51  1989.95  1.00000
 1561730   923.24  3925.12  1994.83  99999.0     10.8  3925.12  1994.83  1.00000
 1561862   923.75  3934.73  1999.72  99999.0     12.0  3934.73  1999.72  1.00000
 1561995   924.25  3944.35  2004.60  99999.0     13.3  3944.35  2004.60  1.00000
 1562127   924.75  3953.94  2009.47  99999.0     14.8  3953.94  2009.47  1.00000
 1562259   925.24  3963.49  2014.33  99999.0     16.7  3963.49  2014.33  1.00000
 1562391   925.73  3973.00  2019.16  99999.0     18.8  3973.00  2019.16  1.00000
 1562523   926.21  3982.44  2023.96  99999.0     21.4  3982.44  2023.96  1.00000
 1562655   926.68  3991.79  2028.72  99999.0     24.6  3991.79  2028.72  1.00000
 1562787   927.14  4001.04  2033.42  99999.0     28.4  4001.04  2033.42  1.00000
 1562919   927.59  4010.18  2038.05  99999.0     33.1  4010.18  2038.05  1.00000
 1563051   928.03  4019.16  2042.62  99999.0     38.8  4019.16  2042.62  1.00000
 1563184   928.46  4027.99  2047.11  99999.0     46.1  4027.99  2047.11  1.00000
 1563316   928.88  4036.63  2051.50  99999.0     55.3  4036.63  2051.50  1.00000
 1563448   929.28  4045.08  2055.79  99999.0     67.3  4045.08  2055.79  1.00000
 1563580   929.67  4053.30  2059.97  99999.0     82.8  4053.30  2059.97  1.00000
 1563712   930.04  4061.28  2064.03  99999.0    103.5  4061.28  2064.03  1.00000
 1563844   930.40  4068.98  2067.94  99999.0    131.3  4068.98  2067.94  1.00000
 1563976   930.74  4076.42  2071.72  99999.0    169.8  4076.42  2071.72  1.00000
 1564108   931.06  4083.53  2075.33  99999.0    223.8  4083.53  2075.33  1.00000
 1564240   931.37  4090.33  2078.79  99999.0    301.8  4090.33  2078.79  1.00000
 1564372   931.65  4096.78  2082.07  99999.0    417.7  4096.78  2082.07  1.00000
 1564505   931.91  4102.86  2085.16  99999.0    593.1  4102.86  2085.16  1.00000
 1564769   932.38  4113.90  2090.77  99999.0   1328.8  4113.90  2090.77  1.00000
 1564967   932.67  4121.12  2094.44  99999.0   2779.1  4121.12  2094.44  1.00000
 1565000   932.72  4122.24  2095.01  99999.0   3095.0  4122.24  2095.01  1.00000
