aicecold_10km_prem.txt
  1    1.000000  1
800 300 500 0
       0  8237.14  5375.31  2852.04  99999.0  10000.0  5375.31  2852.04  1.00000
    4776  8237.12  5375.30  2852.04  99999.0  10000.0  5375.30  2852.04  1.00000
    9551  8237.06  5375.27  2852.02  99999.0  10000.0  5375.27  2852.02  1.00000
   14327  8236.96  5375.22  2852.00  99999.0  10000.0  5375.22  2852.00  1.00000
   19102  8236.80  5375.14  2851.97  99999.0  10000.0  5375.14  2851.97  1.00000
   23878  8236.62  5375.05  2851.92  99999.0  10000.0  5375.05  2851.92  1.00000
   28653  8236.40  5374.93  2851.87  99999.0  10000.0  5374.93  2851.87  1.00000
   33429  8236.13  5374.80  2851.81  99999.0  10000.0  5374.80  2851.81  1.00000
   38204  8235.82  5374.64  2851.74  99999.0  10000.0  5374.64  2851.74  1.00000
   42980  8235.47  5374.46  2851.66  99999.0  10000.0  5374.46  2851.66  1.00000
   47755  8235.08  5374.26  2851.57  99999.0  10000.0  5374.26  2851.57  1.00000
   52531  8234.65  5374.05  2851.47  99999.0  10000.0  5374.05  2851.47  1.00000
   57306  8234.18  5373.81  2851.36  99999.0  10000.0  5373.81  2851.36  1.00000
   62082  8233.67  5373.54  2851.24  99999.0  10000.0  5373.54  2851.24  1.00000
   66857  8233.12  5373.26  2851.12  99999.0  10000.0  5373.26  2851.12  1.00000
   71633  8232.51  5372.96  2850.97  99999.0  10000.0  5372.96  2850.97  1.00000
   76408  8231.88  5372.64  2850.83  99999.0  10000.0  5372.64  2850.83  1.00000
   81184  8231.21  5372.29  2850.67  99999.0  10000.0  5372.29  2850.67  1.00000
   85959  8230.49  5371.92  2850.50  99999.0  10000.0  5371.92  2850.50  1.00000
   90735  8229.73  5371.54  2850.33  99999.0  10000.0  5371.54  2850.33  1.00000
   95510  8228.93  5371.13  2850.15  99999.0  10000.0  5371.13  2850.15  1.00000
  100286  8228.09  5370.71  2849.95  99999.0  10000.0  5370.71  2849.95  1.00000
  105061  8227.21  5370.25  2849.75  99999.0  10000.0  5370.25  2849.75  1.00000
  109837  8226.29  5369.78  2849.54  99999.0  10000.0  5369.78  2849.54  1.00000
  114612  8225.33  5369.29  2849.31  99999.0  10000.0  5369.29  2849.31  1.00000
  119388  8224.32  5368.78  2849.08  99999.0  10000.0  5368.78  2849.08  1.00000
  124163  8223.28  5368.25  2848.83  99999.0  10000.0  5368.25  2848.83  1.00000
  128939  8222.19  5367.69  2848.58  99999.0  10000.0  5367.69  2848.58  1.00000
  133714  8221.07  5367.11  2848.32  99999.0  10000.0  5367.11  2848.32  1.00000
  138490  8219.90  5366.52  2848.05  99999.0  10000.0  5366.52  2848.05  1.00000
  143265  8218.70  5365.90  2847.77  99999.0  10000.0  5365.90  2847.77  1.00000
  148041  8217.45  5365.27  2847.49  99999.0  10000.0  5365.27  2847.49  1.00000
  152816  8216.16  5364.60  2847.19  99999.0  10000.0  5364.60  2847.19  1.00000
  157592  8214.83  5363.93  2846.87  99999.0  10000.0  5363.93  2846.87  1.00000
  162367  8213.46  5363.22  2846.56  99999.0  10000.0  5363.22  2846.56  1.00000
  167143  8212.05  5362.50  2846.23  99999.0  10000.0  5362.50  2846.23  1.00000
  171918  8210.60  5361.75  2845.89  99999.0  10000.0  5361.75  2845.89  1.00000
  176694  8209.11  5360.99  2845.54  99999.0  10000.0  5360.99  2845.54  1.00000
  181469  8207.58  5360.20  2845.18  99999.0  10000.0  5360.20  2845.18  1.00000
  186245  8206.00  5359.39  2844.82  99999.0  10000.0  5359.39  2844.82  1.00000
  191020  8204.39  5358.57  2844.44  99999.0  10000.0  5358.57  2844.44  1.00000
  195796  8202.73  5357.71  2844.06  99999.0  10000.0  5357.71  2844.06  1.00000
  200571  8201.04  5356.85  2843.66  99999.0  10000.0  5356.85  2843.66  1.00000
  205347  8199.30  5355.95  2843.25  99999.0  10000.0  5355.95  2843.25  1.00000
  210122  8197.54  5355.04  2842.84  99999.0  10000.0  5355.04  2842.84  1.00000
  214898  8195.72  5354.10  2842.42  99999.0  10000.0  5354.10  2842.42  1.00000
  219673  8193.86  5353.15  2841.99  99999.0  10000.0  5353.15  2841.99  1.00000
  224449  8191.97  5352.17  2841.54  99999.0  10000.0  5352.17  2841.54  1.00000
  229224  8190.03  5351.17  2841.08  99999.0  10000.0  5351.17  2841.08  1.00000
  234000  8188.06  5350.15  2840.62  99999.0  10000.0  5350.15  2840.62  1.00000
  238775  8186.04  5349.10  2840.15  99999.0  10000.0  5349.10  2840.15  1.00000
  243551  8183.98  5348.04  2839.67  99999.0  10000.0  5348.04  2839.67  1.00000
  248326  8181.89  5346.95  2839.17  99999.0  10000.0  5346.95  2839.17  1.00000
  253102  8179.74  5345.85  2838.67  99999.0  10000.0  5345.85  2838.67  1.00000
  257877  8177.57  5344.72  2838.16  99999.0  10000.0  5344.72  2838.16  1.00000
  262653  8175.36  5343.56  2837.64  99999.0  10000.0  5343.56  2837.64  1.00000
  267428  8173.09  5342.40  2837.11  99999.0  10000.0  5342.40  2837.11  1.00000
  272204  8170.80  5341.20  2836.57  99999.0  10000.0  5341.20  2836.57  1.00000
  276979  8168.46  5339.99  2836.01  99999.0  10000.0  5339.99  2836.01  1.00000
  281755  8166.09  5338.75  2835.45  99999.0  10000.0  5338.75  2835.45  1.00000
  286530  8163.67  5337.49  2834.88  99999.0  10000.0  5337.49  2834.88  1.00000
  291306  8161.21  5336.20  2834.30  99999.0  10000.0  5336.20  2834.30  1.00000
  296081  8158.72  5334.91  2833.71  99999.0  10000.0  5334.91  2833.71  1.00000
  300857  8156.18  5333.58  2833.11  99999.0  10000.0  5333.58  2833.11  1.00000
  305632  8153.61  5332.23  2832.49  99999.0  10000.0  5332.23  2832.49  1.00000
  310408  8150.99  5330.87  2831.87  99999.0  10000.0  5330.87  2831.87  1.00000
  315183  8148.33  5329.47  2831.25  99999.0  10000.0  5329.47  2831.25  1.00000
  319959  8145.63  5328.06  2830.60  99999.0  10000.0  5328.06  2830.60  1.00000
  324734  8142.90  5326.63  2829.95  99999.0  10000.0  5326.63  2829.95  1.00000
  329510  8140.12  5325.17  2829.30  99999.0  10000.0  5325.17  2829.30  1.00000
  334285  8137.32  5323.69  2828.62  99999.0  10000.0  5323.69  2828.62  1.00000
  339061  8134.46  5322.19  2827.94  99999.0  10000.0  5322.19  2827.94  1.00000
  343836  8131.57  5320.66  2827.26  99999.0  10000.0  5320.66  2827.26  1.00000
  348612  8128.64  5319.12  2826.55  99999.0  10000.0  5319.12  2826.55  1.00000
  353387  8125.66  5317.55  2825.84  99999.0  10000.0  5317.55  2825.84  1.00000
  358163  8122.66  5315.96  2825.12  99999.0  10000.0  5315.96  2825.12  1.00000
  362938  8119.60  5314.35  2824.39  99999.0  10000.0  5314.35  2824.39  1.00000
  367714  8116.51  5312.71  2823.65  99999.0  10000.0  5312.71  2823.65  1.00000
  372489  8113.39  5311.05  2822.90  99999.0  10000.0  5311.05  2822.90  1.00000
  377265  8110.22  5309.37  2822.14  99999.0  10000.0  5309.37  2822.14  1.00000
  382040  8107.01  5307.68  2821.36  99999.0  10000.0  5307.68  2821.36  1.00000
  386816  8103.77  5305.95  2820.58  99999.0  10000.0  5305.95  2820.58  1.00000
  391591  8100.48  5304.20  2819.80  99999.0  10000.0  5304.20  2819.80  1.00000
  396367  8097.16  5302.43  2818.99  99999.0  10000.0  5302.43  2818.99  1.00000
  401142  8093.80  5300.63  2818.18  99999.0  10000.0  5300.63  2818.18  1.00000
  405918  8090.40  5298.82  2817.35  99999.0  10000.0  5298.82  2817.35  1.00000
  410693  8086.96  5296.98  2816.52  99999.0  10000.0  5296.98  2816.52  1.00000
  415469  8083.48  5295.11  2815.68  99999.0  10000.0  5295.11  2815.68  1.00000
  420244  8079.96  5293.23  2814.82  99999.0  10000.0  5293.23  2814.82  1.00000
  425020  3511.29  7848.01  4384.49  99999.0    834.8  7848.01  4384.49  1.00000
  429795  3511.39  7849.00  4385.42  99999.0    843.1  7849.00  4385.42  1.00000
  434571  3511.46  7849.90  4386.32  99999.0    852.2  7849.90  4386.32  1.00000
  439346  3505.96  7823.69  4376.37  99999.0    861.7  7823.69  4376.37  1.00000
  444122  3506.05  7824.66  4377.31  99999.0    871.4  7824.66  4377.31  1.00000
  448897  3511.71  7852.70  4389.13  99999.0    881.5  7852.70  4389.13  1.00000
  453673  3511.83  7853.75  4390.12  99999.0    891.8  7853.75  4390.12  1.00000
  458448  3511.95  7854.82  4391.12  99999.0    902.4  7854.82  4391.12  1.00000
  463224  3512.07  7855.86  4392.12  99999.0    913.3  7855.86  4392.12  1.00000
  467999  3512.19  7856.92  4393.13  99999.0    924.6  7856.92  4393.13  1.00000
  472775  3506.76  7831.12  4383.32  99999.0    936.3  7831.12  4383.32  1.00000
  477550  3506.88  7832.15  4384.31  99999.0    948.2  7832.15  4384.31  1.00000
  482326  3506.99  7833.16  4385.32  99999.0    960.5  7833.16  4385.32  1.00000
  487101  3507.10  7834.16  4386.31  99999.0    973.2  7834.16  4386.31  1.00000
  491877  3507.21  7835.16  4387.32  99999.0    986.4  7835.16  4387.32  1.00000
  496652  3512.92  7863.40  4399.54  99999.0    999.7  7863.40  4399.54  1.00000
  501428  3507.43  7837.16  4389.36  99999.0   1013.7  7837.16  4389.36  1.00000
  506203  3507.54  7838.18  4390.40  99999.0   1027.8  7838.18  4390.40  1.00000
  510979  3507.65  7839.18  4391.42  99999.0   1042.9  7839.18  4391.42  1.00000
  515754  3507.75  7840.14  4392.40  99999.0   1058.0  7840.14  4392.40  1.00000
  520530  3507.85  7841.08  4393.37  99999.0   1074.1  7841.08  4393.37  1.00000
  525305  3507.94  7841.98  4394.31  99999.0   1090.2  7841.98  4394.31  1.00000
  530081  3502.43  7815.90  4384.48  99999.0   1107.0  7815.90  4384.48  1.00000
  534856  3502.52  7816.81  4385.43  99999.0   1124.0  7816.81  4385.43  1.00000
  539632  3508.17  7844.58  4397.11  99999.0   1140.5  7844.58  4397.11  1.00000
  544407  3508.25  7845.48  4398.12  99999.0   1157.5  7845.48  4398.12  1.00000
  549183  3508.33  7846.39  4399.13  99999.0   1175.7  7846.39  4399.13  1.00000
  553958  3508.40  7847.28  4400.13  99999.0   1193.8  7847.28  4400.13  1.00000
  558734  3502.88  7820.68  4389.85  99999.0   1212.9  7820.68  4389.85  1.00000
  563509  3502.94  7821.46  4390.75  99999.0   1233.0  7821.46  4390.75  1.00000
  568285  3502.99  7822.25  4391.66  99999.0   1253.1  7822.25  4391.66  1.00000
  573060  3503.05  7823.04  4392.55  99999.0   1273.4  7823.04  4392.55  1.00000
  577836  3508.77  7851.40  4404.86  99999.0   1295.3  7851.40  4404.86  1.00000
  582611  3508.84  7852.20  4405.80  99999.0   1317.4  7852.20  4405.80  1.00000
  587387  3503.26  7825.66  4395.52  99999.0   1340.6  7825.66  4395.52  1.00000
  592162  3503.34  7826.53  4396.54  99999.0   1364.3  7826.53  4396.54  1.00000
  596938  3503.41  7827.34  4397.53  99999.0   1388.8  7827.34  4397.53  1.00000
  601713  3503.47  7828.11  4398.47  99999.0   1413.8  7828.11  4398.47  1.00000
  606489  3503.52  7828.85  4399.38  99999.0   1439.9  7828.85  4399.38  1.00000
  611264  3503.57  7829.54  4400.24  99999.0   1468.1  7829.54  4400.24  1.00000
  616040  3503.64  7830.34  4401.14  99999.0   1496.2  7830.34  4401.14  1.00000
  620815  3503.72  7831.22  4402.12  99999.0   1524.4  7831.22  4402.12  1.00000
  625591  3503.79  7832.10  4403.10  99999.0   1554.6  7832.10  4403.10  1.00000
  630366  3503.87  7832.98  4404.07  99999.0   1585.8  7832.98  4404.07  1.00000
  635142  3503.95  7833.87  4405.06  99999.0   1618.1  7833.87  4405.06  1.00000
  639917  3498.28  7807.17  4395.37  99999.0   1651.6  7807.17  4395.37  1.00000
  644693  3498.35  7808.02  4396.36  99999.0   1686.5  7808.02  4396.36  1.00000
  649468  3498.42  7808.86  4397.33  99999.0   1722.7  7808.86  4397.33  1.00000
  654244  3504.14  7836.98  4409.04  99999.0   1759.9  7836.98  4409.04  1.00000
  659019  3504.18  7837.71  4410.03  99999.0   1798.2  7837.71  4410.03  1.00000
  663795  3504.22  7838.44  4411.04  99999.0   1838.3  7838.44  4411.04  1.00000
  668570  3498.59  7812.02  4401.36  99999.0   1880.6  7812.02  4401.36  1.00000
  673346  3498.60  7812.70  4402.38  99999.0   1923.8  7812.70  4402.38  1.00000
  678121  3498.62  7813.40  4403.40  99999.0   1968.5  7813.40  4403.40  1.00000
  682897  3502.23  7831.30  4411.09  99999.0   2015.2  7831.30  4411.09  1.00000
  687672  3504.37  7842.18  4416.03  99999.0   2063.3  7842.18  4416.03  1.00000
  692448  3504.40  7842.92  4417.04  99999.0   2113.5  7842.92  4417.04  1.00000
  697223  3498.71  7816.18  4407.36  99999.0   2165.8  7816.18  4407.36  1.00000
  701999  3498.73  7816.74  4408.18  99999.0   2221.0  7816.74  4408.18  1.00000
  706774  3498.73  7817.21  4408.94  99999.0   2277.3  7817.21  4408.94  1.00000
  711550  3498.72  7817.59  4409.66  99999.0   2336.6  7817.59  4409.66  1.00000
  716325  3504.30  7845.14  4421.03  99999.0   2397.2  7845.14  4421.03  1.00000
  721101  3498.70  7818.50  4411.20  99999.0   2461.6  7818.50  4411.20  1.00000
  725876  3498.72  7819.18  4412.19  99999.0   2528.5  7819.18  4412.19  1.00000
  730652  3498.73  7819.85  4413.20  99999.0   2597.4  7819.85  4413.20  1.00000
  735427  3498.74  7820.53  4414.20  99999.0   2670.1  7820.53  4414.20  1.00000
  740203  3498.75  7821.19  4415.21  99999.0   2745.2  7821.19  4415.21  1.00000
  744978  3498.76  7821.87  4416.22  99999.0   2824.7  7821.87  4416.22  1.00000
  749754  3498.71  7822.27  4417.11  99999.0   2904.1  7822.27  4417.11  1.00000
  754529  3498.65  7822.63  4418.00  99999.0   2986.5  7822.63  4418.00  1.00000
  759305  3498.58  7823.00  4418.89  99999.0   3072.1  7823.00  4418.89  1.00000
  764080  3498.52  7823.37  4419.78  99999.0   3161.6  7823.37  4419.78  1.00000
  768856  3498.46  7823.74  4420.67  99999.0   3255.1  7823.74  4420.67  1.00000
  773631  3493.07  7798.09  4411.43  99999.0   3353.2  7798.09  4411.43  1.00000
  778407  3498.42  7824.99  4422.79  99999.0   3455.8  7824.99  4422.79  1.00000
  783182  3498.42  7825.70  4423.91  99999.0   3562.6  7825.70  4423.91  1.00000
  787958  3498.41  7826.40  4425.04  99999.0   3675.0  7826.40  4425.04  1.00000
  792733  3498.41  7827.11  4426.17  99999.0   3792.6  7827.11  4426.17  1.00000
  797509  3492.70  7799.68  4415.90  99999.0   3915.2  7799.68  4415.90  1.00000
  802284  3492.69  7800.37  4417.03  99999.0   4045.0  7800.37  4417.03  1.00000
  807060  3498.36  7828.79  4429.28  99999.0   4179.9  7828.79  4429.28  1.00000
  811835  3498.34  7829.28  4430.28  99999.0   4321.7  7829.28  4430.28  1.00000
  816611  3498.31  7829.78  4431.27  99999.0   4471.5  7829.78  4431.27  1.00000
  821386  3498.28  7830.28  4432.28  99999.0   4627.9  7830.28  4432.28  1.00000
  826162  3492.62  7803.59  4422.60  99999.0   4792.8  7803.59  4422.60  1.00000
  830937  3498.21  7831.31  4434.26  99999.0   4965.7  7831.31  4434.26  1.00000
  835713  3498.15  7831.69  4435.15  99999.0   5148.5  7831.69  4435.15  1.00000
  840488  3498.07  7831.95  4435.97  99999.0   5340.5  7831.95  4435.97  1.00000
  845264  3497.98  7832.10  4436.70  99999.0   5542.6  7832.10  4436.70  1.00000
  850039  3492.36  7805.50  4427.07  99999.0   5755.7  7805.50  4427.07  1.00000
  854815  3492.28  7805.70  4427.86  99999.0   5981.1  7805.70  4427.86  1.00000
  859590  3497.74  7832.80  4439.13  99999.0   6218.7  7832.80  4439.13  1.00000
  864366  3497.69  7833.26  4440.13  99999.0   6469.0  7833.26  4440.13  1.00000
  869141  3497.64  7833.73  4441.13  99999.0   6733.8  7833.73  4441.13  1.00000
  873917  3491.97  7806.84  4431.50  99999.0   7014.7  7806.84  4431.50  1.00000
  878692  3491.92  7807.28  4432.50  99999.0   7311.3  7807.28  4432.50  1.00000
  883468  3497.48  7835.06  4444.10  99999.0   7625.8  7835.06  4444.10  1.00000
  888243  3497.42  7835.49  4445.10  99999.0   7958.5  7835.49  4445.10  1.00000
  893019  3497.36  7835.93  4446.10  99999.0   8311.5  7835.93  4446.10  1.00000
  897794  3491.68  7809.01  4436.51  99999.0   8686.5  7809.01  4436.51  1.00000
  902570  3491.62  7809.43  4437.50  99999.0   9085.1  7809.43  4437.50  1.00000
  907345  3491.55  7809.83  4438.50  99999.0   9508.8  7809.83  4438.50  1.00000
  912121  3497.05  7836.81  4449.71  99999.0   9958.5  7836.81  4449.71  1.00000
  916896  3496.96  7836.94  4450.59  99999.0  10437.0  7836.94  4450.59  1.00000
  921672  3491.34  7810.97  4441.48  99999.0  10950.6  7810.97  4441.48  1.00000
  926447  3491.23  7810.98  4442.25  99999.0  11493.7  7810.98  4442.25  1.00000
  931223  3491.12  7810.94  4442.98  99999.0  12076.7  7810.94  4442.98  1.00000
  935998  3496.62  7837.85  4454.33  99999.0  12699.8  7837.85  4454.33  1.00000
  940774  3496.52  7838.00  4455.18  99999.0  13352.8  7838.00  4455.18  1.00000
  945549  3490.79  7810.83  4445.20  99999.0  14036.3  7810.83  4445.20  1.00000
  950325  3490.70  7811.11  4446.19  99999.0  14762.0  7811.11  4446.19  1.00000
  955100  3490.61  7811.38  4447.19  99999.0  15546.1  7811.38  4447.19  1.00000
  959876  3496.17  7839.20  4459.11  99999.0  16380.1  7839.20  4459.11  1.00000
  964651  3496.09  7839.62  4460.23  99999.0  17281.1  7839.62  4460.23  1.00000
  969427  3490.34  7812.22  4450.18  99999.0  18234.7  7812.22  4450.18  1.00000
  974202  3490.26  7812.63  4451.31  99999.0  19270.0  7812.63  4451.31  1.00000
  978978  3490.17  7813.03  4452.43  99999.0  20384.7  7813.03  4452.43  1.00000
  983753  3495.71  7840.98  4464.49  99999.0  21580.9  7840.98  4464.49  1.00000
  988529  3495.56  7840.90  4465.21  99999.0  22868.1  7840.90  4465.21  1.00000
  993304  3489.90  7814.10  4455.78  99999.0  24256.9  7814.10  4455.78  1.00000
  998080  3489.74  7814.01  4456.51  99999.0  25758.3  7814.01  4456.51  1.00000
 1002855  3495.08  7840.63  4467.39  99999.0  27388.5  7840.63  4467.39  1.00000
 1007631  3494.98  7841.04  4468.54  99999.0  29142.4  7841.04  4468.54  1.00000
 1012406  3494.89  7841.46  4469.71  99999.0  31049.1  7841.46  4469.71  1.00000
 1017182  3489.09  7813.69  4459.53  99999.0  33117.8  7813.69  4459.53  1.00000
 1021957  3488.97  7813.90  4460.53  99999.0  35359.0  7813.90  4460.53  1.00000
 1026733  3494.53  7841.90  4472.54  99999.0  37810.7  7841.90  4472.54  1.00000
 1031508  3494.38  7841.75  4473.28  99999.0  40464.9  7841.75  4473.28  1.00000
 1036284  3494.22  7841.60  4474.03  99999.0  43371.7  7841.60  4474.03  1.00000
 1041059  3488.46  7814.59  4464.44  99999.0  46542.3  7814.59  4464.44  1.00000
 1045835  3488.31  7814.69  4465.41  99999.0  50014.5  7814.69  4465.41  1.00000
 1050610  3493.74  7841.40  4476.59  99999.0  53822.7  7841.40  4476.59  1.00000
 1055386  3493.59  7841.54  4477.60  99999.0  57989.5  7841.54  4477.60  1.00000
 1060161  3493.44  7841.70  4478.62  99999.0  62571.4  7841.70  4478.62  1.00000
 1064937  3487.64  7814.41  4468.68  99999.0  67619.3  7814.41  4468.68  1.00000
 1069712  3493.17  7842.03  4480.70  99999.0  73174.4  7842.03  4480.70  1.00000
 1074488  3493.03  7842.04  4481.63  99999.0  79313.5  7842.04  4481.63  1.00000
 1079263  3492.89  7842.05  4482.54  99999.0  86100.1  7842.05  4482.54  1.00000
 1084039  3492.75  7842.07  4483.48  99999.0  93543.2  7842.07  4483.48  1.00000
 1088814  3492.56  7841.88  4484.23  99999.0  99999.0  7841.88  4484.23  1.00000
 1093590  3492.37  7841.74  4485.08  99999.0  99999.0  7841.74  4485.08  1.00000
 1098365  3492.17  7841.60  4485.93  99999.0  99999.0  7841.60  4485.93  1.00000
 1103141  3491.97  7841.48  4486.78  99999.0  99999.0  7841.48  4486.78  1.00000
 1107916  3486.36  7815.07  4477.88  99999.0  99999.0  7815.07  4477.88  1.00000
 1112692  3491.64  7841.42  4488.55  99999.0  99999.0  7841.42  4488.55  1.00000
 1117467  3491.50  7841.47  4489.46  99999.0  99999.0  7841.47  4489.46  1.00000
 1122243  3491.36  7841.53  4490.38  99999.0  99999.0  7841.53  4490.38  1.00000
 1127018  3491.22  7841.58  4491.29  99999.0  99999.0  7841.58  4491.29  1.00000
 1131794  3491.05  7841.44  4492.11  99999.0  99999.0  7841.44  4492.11  1.00000
 1136569  3490.85  7841.10  4492.84  99999.0  99999.0  7841.10  4492.84  1.00000
 1141345  3490.64  7840.77  4493.59  99999.0  99999.0  7840.77  4493.59  1.00000
 1146120  3490.44  7840.45  4494.33  99999.0  99999.0  7840.45  4494.33  1.00000
 1150896  3495.75  7867.39  4506.02  99999.0  99999.0  7867.39  4506.02  1.00000
 1155671  3490.01  7839.96  4496.01  99999.0  99999.0  7839.96  4496.01  1.00000
 1160447  3489.79  7839.83  4496.96  99999.0  99999.0  7839.83  4496.96  1.00000
 1165222  3489.59  7839.71  4497.90  99999.0  99999.0  7839.71  4497.90  1.00000
 1169998  3494.79  7865.82  4508.77  99999.0  99999.0  7865.82  4508.77  1.00000
 1174773  3489.21  7839.67  4499.97  99999.0  99999.0  7839.67  4499.97  1.00000
 1179549  3488.97  7839.36  4500.79  99999.0  99999.0  7839.36  4500.79  1.00000
 1184324  3488.73  7839.05  4501.60  99999.0  99999.0  7839.05  4501.60  1.00000
 1189100  3493.90  7864.64  4512.11  99999.0  99999.0  7864.64  4512.11  1.00000
 1193875  3493.67  7864.36  4512.99  99999.0  99999.0  7864.36  4512.99  1.00000
 1198651  3488.00  7838.09  4504.10  99999.0  99999.0  7838.09  4504.10  1.00000
 1203426  3487.77  7837.79  4504.97  99999.0  99999.0  7837.79  4504.97  1.00000
 1208202  3492.92  7863.32  4515.39  99999.0  99999.0  7863.32  4515.39  1.00000
 1212977  3492.66  7862.98  4516.18  99999.0  99999.0  7862.98  4516.18  1.00000
 1217753  3492.40  7862.63  4516.97  99999.0  99999.0  7862.63  4516.97  1.00000
 1222528  3486.76  7835.68  4507.76  99999.0  99999.0  7835.68  4507.76  1.00000
 1227304  3491.93  7861.86  4518.71  99999.0  99999.0  7861.86  4518.71  1.00000
 1232079  3491.69  7861.45  4519.57  99999.0  99999.0  7861.45  4519.57  1.00000
 1236855  3491.45  7861.21  4520.52  99999.0  99999.0  7861.21  4520.52  1.00000
 1241630  3471.84  7786.04  4488.95  99999.0  99999.0  7786.04  4488.95  1.00000
 1246406  3489.13  7854.17  4519.22  99999.0  99999.0  7854.17  4519.22  1.00000
 1251181  3487.66  7849.46  4518.01  99999.0  99999.0  7849.46  4518.01  1.00000
 1255957  3487.98  7851.01  4519.72  99999.0  99999.0  7851.01  4519.72  1.00000
 1260732  3469.76  7780.99  4490.95  99999.0  99999.0  7780.99  4490.95  1.00000
 1265508  3486.12  7845.48  4518.98  99999.0  99999.0  7845.48  4518.98  1.00000
 1270283  3481.70  7830.60  4512.92  99999.0  99999.0  7830.60  4512.92  1.00000
 1275059  3477.28  7815.78  4506.93  99999.0  99999.0  7815.78  4506.93  1.00000
 1279834  3493.55  7880.69  4536.32  99999.0  99999.0  7880.69  4536.32  1.00000
 1284610  3473.19  7802.69  4502.85  99999.0  99999.0  7802.69  4502.85  1.00000
 1289385  3472.83  7801.87  4503.34  99999.0  99999.0  7801.87  4503.34  1.00000
 1294161  3472.43  7800.79  4503.60  99999.0  99999.0  7800.79  4503.60  1.00000
 1298936  3488.27  7863.79  4531.98  99999.0  99999.0  7863.79  4531.98  1.00000
 1303712  3471.65  7798.69  4504.28  99999.0  99999.0  7798.69  4504.28  1.00000
 1308487  3471.33  7798.12  4505.10  99999.0  99999.0  7798.12  4505.10  1.00000
 1313263  3471.01  7797.56  4505.88  99999.0  99999.0  7797.56  4505.88  1.00000
 1318038  3475.87  7822.33  4515.20  99999.0  99999.0  7822.33  4515.20  1.00000
 1322814  3475.57  7821.73  4516.14  99999.0  99999.0  7821.73  4516.14  1.00000
 1327589  3470.03  7795.55  4508.30  99999.0  99999.0  7795.55  4508.30  1.00000
 1332365  3474.93  7820.10  4517.73  99999.0  99999.0  7820.10  4517.73  1.00000
 1337140  3474.52  7818.87  4518.04  99999.0  99999.0  7818.87  4518.04  1.00000
 1341916  3474.12  7817.62  4518.35  99999.0  99999.0  7817.62  4518.35  1.00000
 1346691  3468.67  7792.18  4511.47  99999.0  99999.0  7792.18  4511.47  1.00000
 1351467  3473.25  7815.10  4518.89  99999.0  99999.0  7815.10  4518.89  1.00000
 1356242  3472.80  7813.82  4519.14  99999.0  99999.0  7813.82  4519.14  1.00000
 1361018  3472.36  7812.53  4519.39  99999.0  99999.0  7812.53  4519.39  1.00000
 1365793  3471.92  7811.27  4519.68  99999.0  99999.0  7811.27  4519.68  1.00000
 1370569  3471.52  7810.32  4520.33  99999.0  99999.0  7810.32  4520.33  1.00000
 1375344  3471.14  7809.37  4520.99  99999.0  99999.0  7809.37  4520.99  1.00000
 1380120  3470.75  7808.42  4521.65  99999.0  99999.0  7808.42  4521.65  1.00000
 1384895  3475.19  7831.67  4529.45  99999.0  99999.0  7831.67  4529.45  1.00000
 1389671  3469.76  7805.49  4521.87  99999.0  99999.0  7805.49  4521.87  1.00000
 1394446  3469.27  7804.05  4522.05  99999.0  99999.0  7804.05  4522.05  1.00000
 1399222  3473.92  7827.73  4531.30  99999.0  99999.0  7827.73  4531.30  1.00000
 1403997  3473.50  7826.42  4531.94  99999.0  99999.0  7826.42  4531.94  1.00000
 1408773  3468.00  7800.42  4523.86  99999.0  99999.0  7800.42  4523.86  1.00000
 1413548  3468.03  7801.41  4525.14  99999.0  99999.0  7801.41  4525.14  1.00000
 1418324  3471.94  7821.55  4532.29  99999.0  99999.0  7821.55  4532.29  1.00000
 1423099  3471.41  7820.01  4532.35  99999.0  99999.0  7820.01  4532.35  1.00000
 1427875  3438.56  7752.90  4487.94  99999.0  99999.0  7752.90  4487.94  1.00000
 1427875  1080.05  1753.31     0.00  99999.0  99999.0  1753.31     0.00  1.00000
 1428514  1079.71  1751.55     0.00  99999.0  99999.0  1751.55     0.00  1.00000
 1429154  1079.38  1749.79     0.00  99999.0  99999.0  1749.79     0.00  1.00000
 1429793  1079.05  1748.04     0.00  99999.0  99999.0  1748.04     0.00  1.00000
 1430433  1078.72  1746.29     0.00  99999.0  99999.0  1746.29     0.00  1.00000
 1431072  1078.37  1744.53     0.00  99999.0  99999.0  1744.53     0.00  1.00000
 1431712  1078.04  1742.78     0.00  99999.0  99999.0  1742.78     0.00  1.00000
 1432351  1077.71  1741.02     0.00  99999.0  99999.0  1741.02     0.00  1.00000
 1432991  1077.37  1739.27     0.00  99999.0  99999.0  1739.27     0.00  1.00000
 1433630  1077.03  1737.51     0.00  99999.0  99999.0  1737.51     0.00  1.00000
 1434269  1076.70  1735.76     0.00  99999.0  99999.0  1735.76     0.00  1.00000
 1434909  1076.37  1734.00     0.00  99999.0  99999.0  1734.00     0.00  1.00000
 1435548  1076.02  1732.25     0.00  99999.0  99999.0  1732.25     0.00  1.00000
 1436188  1075.69  1730.49     0.00  99999.0  99999.0  1730.49     0.00  1.00000
 1436827  1075.35  1728.73     0.00  99999.0  99999.0  1728.73     0.00  1.00000
 1437467  1075.02  1726.97     0.00  99999.0  99999.0  1726.97     0.00  1.00000
 1438106  1074.67  1725.22     0.00  99999.0  99999.0  1725.22     0.00  1.00000
 1438746  1074.33  1723.46     0.00  99999.0  99999.0  1723.46     0.00  1.00000
 1439385  1074.00  1721.71     0.00  99999.0  99999.0  1721.71     0.00  1.00000
 1440024  1073.66  1719.95     0.00  99999.0  99999.0  1719.95     0.00  1.00000
 1440664  1073.32  1718.20     0.00  99999.0  99999.0  1718.20     0.00  1.00000
 1441303  1072.98  1716.44     0.00  99999.0  99999.0  1716.44     0.00  1.00000
 1441943  1072.64  1714.69     0.00  99999.0  99999.0  1714.69     0.00  1.00000
 1442582  1072.30  1712.93     0.00  99999.0  99999.0  1712.93     0.00  1.00000
 1443222  1071.95  1711.18     0.00  99999.0  99999.0  1711.18     0.00  1.00000
 1443861  1071.61  1709.42     0.00  99999.0  99999.0  1709.42     0.00  1.00000
 1444501  1071.27  1707.67     0.00  99999.0  99999.0  1707.67     0.00  1.00000
 1445140  1070.93  1705.91     0.00  99999.0  99999.0  1705.91     0.00  1.00000
 1445780  1070.58  1704.16     0.00  99999.0  99999.0  1704.16     0.00  1.00000
 1446419  1070.24  1702.40     0.00  99999.0  99999.0  1702.40     0.00  1.00000
 1447058  1069.90  1700.65     0.00  99999.0  99999.0  1700.65     0.00  1.00000
 1447698  1069.56  1698.89     0.00  99999.0  99999.0  1698.89     0.00  1.00000
 1448337  1069.21  1697.14     0.00  99999.0  99999.0  1697.14     0.00  1.00000
 1448977  1068.86  1695.38     0.00  99999.0  99999.0  1695.38     0.00  1.00000
 1449616  1068.52  1693.63     0.00  99999.0  99999.0  1693.63     0.00  1.00000
 1450256  1068.18  1691.87     0.00  99999.0  99999.0  1691.87     0.00  1.00000
 1450895  1067.83  1690.13     0.00  99999.0  99999.0  1690.13     0.00  1.00000
 1451535  1067.48  1688.38     0.00  99999.0  99999.0  1688.38     0.00  1.00000
 1452174  1067.14  1686.62     0.00  99999.0  99999.0  1686.62     0.00  1.00000
 1452813  1066.79  1684.87     0.00  99999.0  99999.0  1684.87     0.00  1.00000
 1453453  1066.44  1683.12     0.00  99999.0  99999.0  1683.12     0.00  1.00000
 1454092  1066.09  1681.37     0.00  99999.0  99999.0  1681.37     0.00  1.00000
 1454732  1065.75  1679.62     0.00  99999.0  99999.0  1679.62     0.00  1.00000
 1455371  1065.40  1677.87     0.00  99999.0  99999.0  1677.87     0.00  1.00000
 1456011  1065.04  1676.12     0.00  99999.0  99999.0  1676.12     0.00  1.00000
 1456650  1064.70  1674.38     0.00  99999.0  99999.0  1674.38     0.00  1.00000
 1457290  1064.35  1672.63     0.00  99999.0  99999.0  1672.63     0.00  1.00000
 1457929  1064.00  1670.88     0.00  99999.0  99999.0  1670.88     0.00  1.00000
 1458568  1063.64  1669.13     0.00  99999.0  99999.0  1669.13     0.00  1.00000
 1459208  1063.29  1667.40     0.00  99999.0  99999.0  1667.40     0.00  1.00000
 1459847  1062.95  1665.65     0.00  99999.0  99999.0  1665.65     0.00  1.00000
 1460487  1062.60  1663.91     0.00  99999.0  99999.0  1663.91     0.00  1.00000
 1461126  1062.24  1662.16     0.00  99999.0  99999.0  1662.16     0.00  1.00000
 1461766  1061.89  1660.42     0.00  99999.0  99999.0  1660.42     0.00  1.00000
 1462405  1061.53  1658.68     0.00  99999.0  99999.0  1658.68     0.00  1.00000
 1463045  1061.19  1656.94     0.00  99999.0  99999.0  1656.94     0.00  1.00000
 1463684  1060.83  1655.19     0.00  99999.0  99999.0  1655.19     0.00  1.00000
 1464323  1060.47  1653.45     0.00  99999.0  99999.0  1653.45     0.00  1.00000
 1464963  1060.12  1651.72     0.00  99999.0  99999.0  1651.72     0.00  1.00000
 1465602  1059.76  1649.98     0.00  99999.0  99999.0  1649.98     0.00  1.00000
 1466242  1059.40  1648.24     0.00  99999.0  99999.0  1648.24     0.00  1.00000
 1466881  1059.06  1646.51     0.00  99999.0  99999.0  1646.51     0.00  1.00000
 1467521  1058.70  1644.77     0.00  99999.0  99999.0  1644.77     0.00  1.00000
 1468160  1058.34  1643.04     0.00  99999.0  99999.0  1643.04     0.00  1.00000
 1468800  1057.98  1641.31     0.00  99999.0  99999.0  1641.31     0.00  1.00000
 1469439  1057.62  1639.58     0.00  99999.0  99999.0  1639.58     0.00  1.00000
 1470079  1057.27  1637.85     0.00  99999.0  99999.0  1637.85     0.00  1.00000
 1470718  1056.91  1636.12     0.00  99999.0  99999.0  1636.12     0.00  1.00000
 1471357  1056.55  1634.39     0.00  99999.0  99999.0  1634.39     0.00  1.00000
 1471997  1056.19  1632.67     0.00  99999.0  99999.0  1632.67     0.00  1.00000
 1472636  1055.83  1630.94     0.00  99999.0  99999.0  1630.94     0.00  1.00000
 1473276  1055.47  1629.22     0.00  99999.0  99999.0  1629.22     0.00  1.00000
 1473915  1055.11  1627.49     0.00  99999.0  99999.0  1627.49     0.00  1.00000
 1474555  1054.75  1625.77     0.00  99999.0  99999.0  1625.77     0.00  1.00000
 1475194  1054.39  1624.05     0.00  99999.0  99999.0  1624.05     0.00  1.00000
 1475834  1054.02  1622.34     0.00  99999.0  99999.0  1622.34     0.00  1.00000
 1476473  1053.67  1620.61     0.00  99999.0  99999.0  1620.61     0.00  1.00000
 1477112  1053.30  1618.90     0.00  99999.0  99999.0  1618.90     0.00  1.00000
 1477752  1052.94  1617.18     0.00  99999.0  99999.0  1617.18     0.00  1.00000
 1478391  1052.57  1615.47     0.00  99999.0  99999.0  1615.47     0.00  1.00000
 1479031  1052.21  1613.76     0.00  99999.0  99999.0  1613.76     0.00  1.00000
 1479670  1051.84  1612.05     0.00  99999.0  99999.0  1612.05     0.00  1.00000
 1480310  1051.48  1610.34     0.00  99999.0  99999.0  1610.34     0.00  1.00000
 1480949  1051.12  1608.64     0.00  99999.0  99999.0  1608.64     0.00  1.00000
 1481589  1050.75  1606.93     0.00  99999.0  99999.0  1606.93     0.00  1.00000
 1482228  1050.38  1605.23     0.00  99999.0  99999.0  1605.23     0.00  1.00000
 1482867  1050.02  1603.53     0.00  99999.0  99999.0  1603.53     0.00  1.00000
 1483507  1049.66  1601.82     0.00  99999.0  99999.0  1601.82     0.00  1.00000
 1484146  1049.29  1600.12     0.00  99999.0  99999.0  1600.12     0.00  1.00000
 1484786  1048.92  1598.42     0.00  99999.0  99999.0  1598.42     0.00  1.00000
 1485425  1048.55  1596.74     0.00  99999.0  99999.0  1596.74     0.00  1.00000
 1486065  1048.18  1595.04     0.00  99999.0  99999.0  1595.04     0.00  1.00000
 1486704  1047.82  1593.35     0.00  99999.0  99999.0  1593.35     0.00  1.00000
 1487344  1047.44  1591.66     0.00  99999.0  99999.0  1591.66     0.00  1.00000
 1487983  1047.07  1589.97     0.00  99999.0  99999.0  1589.97     0.00  1.00000
 1488622  1046.70  1588.29     0.00  99999.0  99999.0  1588.29     0.00  1.00000
 1489262  1046.33  1586.60     0.00  99999.0  99999.0  1586.60     0.00  1.00000
 1489901  1045.96  1584.92     0.00  99999.0  99999.0  1584.92     0.00  1.00000
 1490541  1045.59  1583.24     0.00  99999.0  99999.0  1583.24     0.00  1.00000
 1491180  1045.22  1581.56     0.00  99999.0  99999.0  1581.56     0.00  1.00000
 1491820  1044.85  1579.89     0.00  99999.0  99999.0  1579.89     0.00  1.00000
 1492459  1044.47  1578.22     0.00  99999.0  99999.0  1578.22     0.00  1.00000
 1493099  1044.10  1576.54     0.00  99999.0  99999.0  1576.54     0.00  1.00000
 1493738  1043.73  1574.87     0.00  99999.0  99999.0  1574.87     0.00  1.00000
 1494378  1043.35  1573.20     0.00  99999.0  99999.0  1573.20     0.00  1.00000
 1495017  1042.98  1571.54     0.00  99999.0  99999.0  1571.54     0.00  1.00000
 1495656  1042.60  1569.87     0.00  99999.0  99999.0  1569.87     0.00  1.00000
 1496296  1042.22  1568.21     0.00  99999.0  99999.0  1568.21     0.00  1.00000
 1496935  1041.85  1566.56     0.00  99999.0  99999.0  1566.56     0.00  1.00000
 1497575  1041.48  1564.90     0.00  99999.0  99999.0  1564.90     0.00  1.00000
 1498214  1041.10  1563.24     0.00  99999.0  99999.0  1563.24     0.00  1.00000
 1498854  1040.72  1561.59     0.00  99999.0  99999.0  1561.59     0.00  1.00000
 1499493  1040.34  1559.94     0.00  99999.0  99999.0  1559.94     0.00  1.00000
 1500133  1039.97  1558.30     0.00  99999.0  99999.0  1558.30     0.00  1.00000
 1500772  1039.59  1556.65     0.00  99999.0  99999.0  1556.65     0.00  1.00000
 1501411  1039.21  1555.01     0.00  99999.0  99999.0  1555.01     0.00  1.00000
 1502051  1038.83  1553.37     0.00  99999.0  99999.0  1553.37     0.00  1.00000
 1502690  1038.45  1551.73     0.00  99999.0  99999.0  1551.73     0.00  1.00000
 1503330  1038.07  1550.10     0.00  99999.0  99999.0  1550.10     0.00  1.00000
 1503969  1037.69  1548.46     0.00  99999.0  99999.0  1548.46     0.00  1.00000
 1504609  1037.30  1546.83     0.00  99999.0  99999.0  1546.83     0.00  1.00000
 1505248  1036.92  1545.20     0.00  99999.0  99999.0  1545.20     0.00  1.00000
 1505888  1036.55  1543.58     0.00  99999.0  99999.0  1543.58     0.00  1.00000
 1506527  1036.16  1541.96     0.00  99999.0  99999.0  1541.96     0.00  1.00000
 1507166  1035.78  1540.34     0.00  99999.0  99999.0  1540.34     0.00  1.00000
 1507806  1035.40  1538.72     0.00  99999.0  99999.0  1538.72     0.00  1.00000
 1508445  1035.01  1537.11     0.00  99999.0  99999.0  1537.11     0.00  1.00000
 1509085  1034.63  1535.50     0.00  99999.0  99999.0  1535.50     0.00  1.00000
 1509724  1034.25  1533.88     0.00  99999.0  99999.0  1533.88     0.00  1.00000
 1510364  1033.86  1532.28     0.00  99999.0  99999.0  1532.28     0.00  1.00000
 1511003  1033.48  1530.68     0.00  99999.0  99999.0  1530.68     0.00  1.00000
 1511643  1033.08  1529.08     0.00  99999.0  99999.0  1529.08     0.00  1.00000
 1512282  1032.70  1527.48     0.00  99999.0  99999.0  1527.48     0.00  1.00000
 1512921  1032.32  1525.88     0.00  99999.0  99999.0  1525.88     0.00  1.00000
 1513561  1031.92  1524.30     0.00  99999.0  99999.0  1524.30     0.00  1.00000
 1514200  1031.54  1522.70     0.00  99999.0  99999.0  1522.70     0.00  1.00000
 1514840  1031.15  1521.12     0.00  99999.0  99999.0  1521.12     0.00  1.00000
 1515479  1030.76  1519.53     0.00  99999.0  99999.0  1519.53     0.00  1.00000
 1516119  1030.37  1517.96     0.00  99999.0  99999.0  1517.96     0.00  1.00000
 1516758  1029.99  1516.38     0.00  99999.0  99999.0  1516.38     0.00  1.00000
 1517398  1029.60  1514.80     0.00  99999.0  99999.0  1514.80     0.00  1.00000
 1518037  1029.21  1513.23     0.00  99999.0  99999.0  1513.23     0.00  1.00000
 1518677  1028.81  1511.66     0.00  99999.0  99999.0  1511.66     0.00  1.00000
 1519316  1028.42  1510.10     0.00  99999.0  99999.0  1510.10     0.00  1.00000
 1519955  1028.03  1508.54     0.00  99999.0  99999.0  1508.54     0.00  1.00000
 1520595  1027.64  1506.98     0.00  99999.0  99999.0  1506.98     0.00  1.00000
 1521234  1027.25  1505.42     0.00  99999.0  99999.0  1505.42     0.00  1.00000
 1521874  1026.86  1503.87     0.00  99999.0  99999.0  1503.87     0.00  1.00000
 1522513  1026.46  1502.32     0.00  99999.0  99999.0  1502.32     0.00  1.00000
 1523153  1026.07  1500.77     0.00  99999.0  99999.0  1500.77     0.00  1.00000
 1523792  1025.67  1499.23     0.00  99999.0  99999.0  1499.23     0.00  1.00000
 1524432  1025.28  1497.68     0.00  99999.0  99999.0  1497.68     0.00  1.00000
 1525071  1024.89  1496.15     0.00  99999.0  99999.0  1496.15     0.00  1.00000
 1525710  1024.48  1494.61     0.00  99999.0  99999.0  1494.61     0.00  1.00000
 1526350  1024.09  1493.08     0.00  99999.0  99999.0  1493.08     0.00  1.00000
 1526989  1023.70  1491.56     0.00  99999.0  99999.0  1491.56     0.00  1.00000
 1527629  1023.30  1490.03     0.00  99999.0  99999.0  1490.03     0.00  1.00000
 1528268  1022.90  1488.51     0.00  99999.0  99999.0  1488.51     0.00  1.00000
 1528908  1022.51  1486.99     0.00  99999.0  99999.0  1486.99     0.00  1.00000
 1529547  1022.11  1485.47     0.00  99999.0  99999.0  1485.47     0.00  1.00000
 1530187  1021.71  1483.96     0.00  99999.0  99999.0  1483.96     0.00  1.00000
 1530826  1021.31  1482.45     0.00  99999.0  99999.0  1482.45     0.00  1.00000
 1531465  1020.91  1480.94     0.00  99999.0  99999.0  1480.94     0.00  1.00000
 1532105  1020.51  1479.44     0.00  99999.0  99999.0  1479.44     0.00  1.00000
 1532744  1020.11  1477.94     0.00  99999.0  99999.0  1477.94     0.00  1.00000
 1533384  1019.71  1476.44     0.00  99999.0  99999.0  1476.44     0.00  1.00000
 1534023  1019.31  1474.96     0.00  99999.0  99999.0  1474.96     0.00  1.00000
 1534663  1018.91  1473.46     0.00  99999.0  99999.0  1473.46     0.00  1.00000
 1535302  1018.51  1471.98     0.00  99999.0  99999.0  1471.98     0.00  1.00000
 1535942  1018.10  1470.50     0.00  99999.0  99999.0  1470.50     0.00  1.00000
 1536581  1017.70  1469.01     0.00  99999.0  99999.0  1469.01     0.00  1.00000
 1537220  1017.30  1467.54     0.00  99999.0  99999.0  1467.54     0.00  1.00000
 1537860  1016.89  1466.06     0.00  99999.0  99999.0  1466.06     0.00  1.00000
 1538499  1016.49  1464.60     0.00  99999.0  99999.0  1464.60     0.00  1.00000
 1539139  1016.08  1463.13     0.00  99999.0  99999.0  1463.13     0.00  1.00000
 1539778  1015.67  1461.67     0.00  99999.0  99999.0  1461.67     0.00  1.00000
 1540418  1015.27  1460.21     0.00  99999.0  99999.0  1460.21     0.00  1.00000
 1541057  1014.86  1458.75     0.00  99999.0  99999.0  1458.75     0.00  1.00000
 1541697  1014.46  1457.30     0.00  99999.0  99999.0  1457.30     0.00  1.00000
 1542336  1014.05  1455.85     0.00  99999.0  99999.0  1455.85     0.00  1.00000
 1542976  1013.65  1454.41     0.00  99999.0  99999.0  1454.41     0.00  1.00000
 1543615  1013.24  1452.96     0.00  99999.0  99999.0  1452.96     0.00  1.00000
 1544254  1012.83  1451.52     0.00  99999.0  99999.0  1451.52     0.00  1.00000
 1544894  1012.42  1450.09     0.00  99999.0  99999.0  1450.09     0.00  1.00000
 1545533  1012.01  1448.66     0.00  99999.0  99999.0  1448.66     0.00  1.00000
 1546173  1011.60  1447.22     0.00  99999.0  99999.0  1447.22     0.00  1.00000
 1546812  1011.19  1445.79     0.00  99999.0  99999.0  1445.79     0.00  1.00000
 1547452  1010.78  1444.37     0.00  99999.0  99999.0  1444.37     0.00  1.00000
 1548091  1010.37  1442.95     0.00  99999.0  99999.0  1442.95     0.00  1.00000
 1548731  1009.96  1441.53     0.00  99999.0  99999.0  1441.53     0.00  1.00000
 1549370  1009.55  1440.13     0.00  99999.0  99999.0  1440.13     0.00  1.00000
 1550009  1009.13  1438.71     0.00  99999.0  99999.0  1438.71     0.00  1.00000
 1550649  1008.72  1437.30     0.00  99999.0  99999.0  1437.30     0.00  1.00000
 1551288  1008.31  1435.91     0.00  99999.0  99999.0  1435.91     0.00  1.00000
 1551928  1007.90  1434.50     0.00  99999.0  99999.0  1434.50     0.00  1.00000
 1552567  1007.49  1433.10     0.00  99999.0  99999.0  1433.10     0.00  1.00000
 1553207  1007.07  1431.71     0.00  99999.0  99999.0  1431.71     0.00  1.00000
 1553846  1006.65  1430.32     0.00  99999.0  99999.0  1430.32     0.00  1.00000
 1554486  1006.24  1428.93     0.00  99999.0  99999.0  1428.93     0.00  1.00000
 1555125  1005.83  1427.55     0.00  99999.0  99999.0  1427.55     0.00  1.00000
 1555125   920.02  3858.72  1961.06  99999.0      5.8  3858.72  1961.06  1.00000
 1555158   919.99  3858.52  1960.97  99999.0      5.8  3858.52  1960.97  1.00000
 1555191   919.97  3858.35  1960.89  99999.0      5.8  3858.35  1960.89  1.00000
 1555224   919.95  3858.22  1960.82  99999.0      5.8  3858.22  1960.82  1.00000
 1555257   919.94  3858.11  1960.77  99999.0      5.8  3858.11  1960.77  1.00000
 1555290   919.93  3858.03  1960.73  99999.0      5.8  3858.03  1960.73  1.00000
 1555323   919.92  3857.97  1960.70  99999.0      5.8  3857.97  1960.70  1.00000
 1555356   919.92  3857.93  1960.68  99999.0      5.8  3857.93  1960.68  1.00000
 1555389   919.91  3857.90  1960.67  99999.0      5.8  3857.90  1960.67  1.00000
 1555422   919.91  3857.89  1960.66  99999.0      5.8  3857.89  1960.66  1.00000
 1555455   919.91  3857.88  1960.66  99999.0      5.8  3857.88  1960.66  1.00000
 1555488   919.91  3857.88  1960.66  99999.0      5.8  3857.88  1960.66  1.00000
 1555521   919.93  3858.21  1960.83  99999.0      5.8  3858.21  1960.83  1.00000
 1555554   920.02  3859.80  1961.64  99999.0      5.8  3859.80  1961.64  1.00000
 1555587   920.16  3862.36  1962.94  99999.0      6.0  3862.36  1962.94  1.00000
 1555620   920.34  3865.47  1964.52  99999.0      6.1  3865.47  1964.52  1.00000
 1555653   920.52  3868.70  1966.16  99999.0      6.3  3868.70  1966.16  1.00000
 1555686   920.68  3871.64  1967.65  99999.0      6.4  3871.64  1967.65  1.00000
 1555719   920.80  3873.88  1968.79  99999.0      6.5  3873.88  1968.79  1.00000
 1555753   920.86  3874.99  1969.35  99999.0      6.6  3874.99  1969.35  1.00000
 1555786   920.88  3875.44  1969.58  99999.0      6.6  3875.44  1969.58  1.00000
 1555819   920.90  3875.80  1969.76  99999.0      6.6  3875.80  1969.76  1.00000
 1555852   920.92  3876.08  1969.91  99999.0      6.6  3876.08  1969.91  1.00000
 1555885   920.93  3876.32  1970.03  99999.0      6.6  3876.32  1970.03  1.00000
 1555918   920.94  3876.54  1970.14  99999.0      6.6  3876.54  1970.14  1.00000
 1555951   920.95  3876.77  1970.25  99999.0      6.7  3876.77  1970.25  1.00000
 1555984   920.96  3877.03  1970.38  99999.0      6.7  3877.03  1970.38  1.00000
 1556017   920.98  3877.34  1970.54  99999.0      6.7  3877.34  1970.54  1.00000
 1556050   920.99  3877.67  1970.71  99999.0      6.7  3877.67  1970.71  1.00000
 1556083   921.01  3878.00  1970.88  99999.0      6.7  3878.00  1970.88  1.00000
 1556116   921.03  3878.34  1971.05  99999.0      6.8  3878.34  1971.05  1.00000
 1556149   921.04  3878.68  1971.22  99999.0      6.8  3878.68  1971.22  1.00000
 1556182   921.06  3879.04  1971.40  99999.0      6.8  3879.04  1971.40  1.00000
 1556215   921.08  3879.39  1971.58  99999.0      6.8  3879.39  1971.58  1.00000
 1556248   921.10  3879.76  1971.77  99999.0      6.8  3879.76  1971.77  1.00000
 1556281   921.11  3880.13  1971.96  99999.0      6.9  3880.13  1971.96  1.00000
 1556314   921.13  3880.50  1972.15  99999.0      6.9  3880.50  1972.15  1.00000
 1556347   921.15  3880.88  1972.34  99999.0      6.9  3880.88  1972.34  1.00000
 1556380   921.17  3881.27  1972.54  99999.0      6.9  3881.27  1972.54  1.00000
 1556413   921.19  3881.67  1972.74  99999.0      7.0  3881.67  1972.74  1.00000
 1556446   921.21  3882.07  1972.95  99999.0      7.0  3882.07  1972.95  1.00000
 1556479   921.23  3882.48  1973.16  99999.0      7.0  3882.48  1973.16  1.00000
 1556512   921.25  3882.89  1973.37  99999.0      7.0  3882.89  1973.37  1.00000
 1556545   921.27  3883.31  1973.58  99999.0      7.1  3883.31  1973.58  1.00000
 1556578   921.30  3883.74  1973.80  99999.0      7.1  3883.74  1973.80  1.00000
 1556611   921.32  3884.18  1974.02  99999.0      7.1  3884.18  1974.02  1.00000
 1556644   921.34  3884.62  1974.25  99999.0      7.1  3884.62  1974.25  1.00000
 1556677   921.36  3885.07  1974.48  99999.0      7.2  3885.07  1974.48  1.00000
 1556710   921.39  3885.53  1974.71  99999.0      7.2  3885.53  1974.71  1.00000
 1556743   921.41  3885.99  1974.94  99999.0      7.2  3885.99  1974.94  1.00000
 1556776   921.43  3886.45  1975.18  99999.0      7.3  3886.45  1975.18  1.00000
 1556809   921.46  3886.92  1975.42  99999.0      7.3  3886.92  1975.42  1.00000
 1556842   921.48  3887.40  1975.66  99999.0      7.3  3887.40  1975.66  1.00000
 1556875   921.51  3887.89  1975.91  99999.0      7.3  3887.89  1975.91  1.00000
 1556908   921.53  3888.38  1976.16  99999.0      7.4  3888.38  1976.16  1.00000
 1556941   921.56  3888.88  1976.41  99999.0      7.4  3888.88  1976.41  1.00000
 1556974   921.58  3889.39  1976.67  99999.0      7.4  3889.39  1976.67  1.00000
 1557008   921.61  3889.90  1976.93  99999.0      7.5  3889.90  1976.93  1.00000
 1557041   921.64  3890.41  1977.19  99999.0      7.5  3890.41  1977.19  1.00000
 1557074   921.66  3890.94  1977.46  99999.0      7.5  3890.94  1977.46  1.00000
 1557107   921.69  3891.47  1977.73  99999.0      7.6  3891.47  1977.73  1.00000
 1557140   921.72  3892.01  1978.00  99999.0      7.6  3892.01  1978.00  1.00000
 1557173   921.75  3892.55  1978.28  99999.0      7.7  3892.55  1978.28  1.00000
 1557206   921.77  3893.10  1978.56  99999.0      7.7  3893.10  1978.56  1.00000
 1557239   921.80  3893.66  1978.84  99999.0      7.7  3893.66  1978.84  1.00000
 1557272   921.83  3894.22  1979.13  99999.0      7.8  3894.22  1979.13  1.00000
 1557305   921.86  3894.79  1979.42  99999.0      7.8  3894.79  1979.42  1.00000
 1557338   921.89  3895.36  1979.71  99999.0      7.9  3895.36  1979.71  1.00000
 1557371   921.92  3895.94  1980.00  99999.0      7.9  3895.94  1980.00  1.00000
 1557404   921.95  3896.53  1980.30  99999.0      7.9  3896.53  1980.30  1.00000
 1557437   921.98  3897.12  1980.60  99999.0      8.0  3897.12  1980.60  1.00000
 1557470   922.01  3897.72  1980.90  99999.0      8.0  3897.72  1980.90  1.00000
 1557503   922.04  3898.32  1981.21  99999.0      8.1  3898.32  1981.21  1.00000
 1557536   922.07  3898.93  1981.52  99999.0      8.1  3898.93  1981.52  1.00000
 1557569   922.11  3899.55  1981.83  99999.0      8.2  3899.55  1981.83  1.00000
 1557602   922.14  3900.18  1982.15  99999.0      8.2  3900.18  1982.15  1.00000
 1557635   922.17  3900.81  1982.47  99999.0      8.3  3900.81  1982.47  1.00000
 1557668   922.20  3901.45  1982.79  99999.0      8.3  3901.45  1982.79  1.00000
 1557701   922.24  3902.09  1983.12  99999.0      8.4  3902.09  1983.12  1.00000
 1557734   922.27  3902.74  1983.45  99999.0      8.4  3902.74  1983.45  1.00000
 1557767   922.30  3903.39  1983.78  99999.0      8.5  3903.39  1983.78  1.00000
 1557800   922.34  3904.05  1984.12  99999.0      8.5  3904.05  1984.12  1.00000
 1557833   922.37  3904.72  1984.46  99999.0      8.6  3904.72  1984.46  1.00000
 1557866   922.41  3905.39  1984.80  99999.0      8.6  3905.39  1984.80  1.00000
 1557899   922.44  3906.07  1985.15  99999.0      8.7  3906.07  1985.15  1.00000
 1557932   922.48  3906.75  1985.50  99999.0      8.7  3906.75  1985.50  1.00000
 1557965   922.51  3907.44  1985.85  99999.0      8.8  3907.44  1985.85  1.00000
 1557998   922.55  3908.13  1986.20  99999.0      8.8  3908.13  1986.20  1.00000
 1558031   922.58  3908.84  1986.56  99999.0      8.9  3908.84  1986.56  1.00000
 1558064   922.62  3909.55  1986.92  99999.0      9.0  3909.55  1986.92  1.00000
 1558097   922.66  3910.26  1987.28  99999.0      9.0  3910.26  1987.28  1.00000
 1558130   922.69  3910.98  1987.64  99999.0      9.1  3910.98  1987.64  1.00000
 1558163   922.73  3911.71  1988.01  99999.0      9.2  3911.71  1988.01  1.00000
 1558196   922.77  3912.44  1988.38  99999.0      9.2  3912.44  1988.38  1.00000
 1558230   922.81  3913.18  1988.76  99999.0      9.3  3913.18  1988.76  1.00000
 1558263   922.85  3913.92  1989.13  99999.0      9.4  3913.92  1989.13  1.00000
 1558296   922.88  3914.67  1989.51  99999.0      9.4  3914.67  1989.51  1.00000
 1558329   922.92  3915.43  1989.90  99999.0      9.5  3915.43  1989.90  1.00000
 1558362   922.96  3916.19  1990.29  99999.0      9.6  3916.19  1990.29  1.00000
 1558395   923.00  3916.96  1990.68  99999.0      9.6  3916.96  1990.68  1.00000
 1558428   923.04  3917.73  1991.07  99999.0      9.7  3917.73  1991.07  1.00000
 1558461   923.08  3918.51  1991.47  99999.0      9.8  3918.51  1991.47  1.00000
 1558494   923.12  3919.29  1991.86  99999.0      9.9  3919.29  1991.86  1.00000
 1558527   923.16  3920.08  1992.27  99999.0      9.9  3920.08  1992.27  1.00000
 1558560   923.20  3920.88  1992.67  99999.0     10.0  3920.88  1992.67  1.00000
 1558593   923.24  3921.68  1993.08  99999.0     10.1  3921.68  1993.08  1.00000
 1558626   923.29  3922.48  1993.49  99999.0     10.2  3922.48  1993.49  1.00000
 1558659   923.33  3923.30  1993.90  99999.0     10.3  3923.30  1993.90  1.00000
 1558692   923.37  3924.12  1994.32  99999.0     10.4  3924.12  1994.32  1.00000
 1558725   923.41  3924.94  1994.74  99999.0     10.4  3924.94  1994.74  1.00000
 1558758   923.45  3925.77  1995.16  99999.0     10.5  3925.77  1995.16  1.00000
 1558791   923.50  3926.60  1995.59  99999.0     10.6  3926.60  1995.59  1.00000
 1558824   923.54  3927.45  1996.01  99999.0     10.7  3927.45  1996.01  1.00000
 1558857   923.58  3928.29  1996.44  99999.0     10.8  3928.29  1996.44  1.00000
 1558890   923.63  3929.14  1996.88  99999.0     10.9  3929.14  1996.88  1.00000
 1558923   923.67  3930.00  1997.31  99999.0     11.0  3930.00  1997.31  1.00000
 1558956   923.72  3930.87  1997.75  99999.0     11.1  3930.87  1997.75  1.00000
 1558989   923.76  3931.73  1998.19  99999.0     11.2  3931.73  1998.19  1.00000
 1559022   923.80  3932.61  1998.64  99999.0     11.3  3932.61  1998.64  1.00000
 1559055   923.85  3933.49  1999.08  99999.0     11.4  3933.49  1999.08  1.00000
 1559088   923.89  3934.37  1999.53  99999.0     11.5  3934.37  1999.53  1.00000
 1559121   923.94  3935.26  1999.98  99999.0     11.6  3935.26  1999.98  1.00000
 1559154   923.98  3936.16  2000.44  99999.0     11.7  3936.16  2000.44  1.00000
 1559187   924.03  3937.06  2000.90  99999.0     11.9  3937.06  2000.90  1.00000
 1559220   924.08  3937.96  2001.35  99999.0     12.0  3937.96  2001.35  1.00000
 1559253   924.12  3938.87  2001.82  99999.0     12.1  3938.87  2001.82  1.00000
 1559286   924.17  3939.79  2002.28  99999.0     12.2  3939.79  2002.28  1.00000
 1559319   924.22  3940.71  2002.75  99999.0     12.3  3940.71  2002.75  1.00000
 1559352   924.26  3941.63  2003.22  99999.0     12.5  3941.63  2003.22  1.00000
 1559385   924.31  3942.56  2003.70  99999.0     12.6  3942.56  2003.70  1.00000
 1559418   924.36  3943.50  2004.17  99999.0     12.7  3943.50  2004.17  1.00000
 1559452   924.41  3944.44  2004.65  99999.0     12.9  3944.44  2004.65  1.00000
 1559485   924.45  3945.39  2005.13  99999.0     13.0  3945.39  2005.13  1.00000
 1559518   924.50  3946.34  2005.62  99999.0     13.1  3946.34  2005.62  1.00000
 1559551   924.55  3947.29  2006.10  99999.0     13.3  3947.29  2006.10  1.00000
 1559584   924.60  3948.25  2006.59  99999.0     13.4  3948.25  2006.59  1.00000
 1559617   924.65  3949.22  2007.08  99999.0     13.6  3949.22  2007.08  1.00000
 1559650   924.70  3950.19  2007.57  99999.0     13.7  3950.19  2007.57  1.00000
 1559683   924.75  3951.17  2008.06  99999.0     13.9  3951.17  2008.06  1.00000
 1559716   924.80  3952.15  2008.56  99999.0     14.1  3952.15  2008.56  1.00000
 1559749   924.85  3953.13  2009.06  99999.0     14.2  3953.13  2009.06  1.00000
 1559782   924.89  3954.12  2009.56  99999.0     14.4  3954.12  2009.56  1.00000
 1559815   924.95  3955.11  2010.07  99999.0     14.6  3955.11  2010.07  1.00000
 1559848   925.00  3956.11  2010.58  99999.0     14.7  3956.11  2010.58  1.00000
 1559881   925.05  3957.12  2011.09  99999.0     14.9  3957.12  2011.09  1.00000
 1559914   925.10  3958.12  2011.60  99999.0     15.1  3958.12  2011.60  1.00000
 1559947   925.15  3959.13  2012.12  99999.0     15.3  3959.13  2012.12  1.00000
 1559980   925.20  3960.15  2012.63  99999.0     15.5  3960.15  2012.63  1.00000
 1560013   925.25  3961.17  2013.15  99999.0     15.7  3961.17  2013.15  1.00000
 1560046   925.30  3962.20  2013.67  99999.0     15.9  3962.20  2013.67  1.00000
 1560079   925.35  3963.23  2014.20  99999.0     16.1  3963.23  2014.20  1.00000
 1560112   925.40  3964.26  2014.72  99999.0     16.3  3964.26  2014.72  1.00000
 1560145   925.46  3965.30  2015.25  99999.0     16.5  3965.30  2015.25  1.00000
 1560178   925.51  3966.35  2015.78  99999.0     16.7  3966.35  2015.78  1.00000
 1560211   925.56  3967.39  2016.31  99999.0     16.9  3967.39  2016.31  1.00000
 1560244   925.61  3968.44  2016.85  99999.0     17.2  3968.44  2016.85  1.00000
 1560277   925.67  3969.50  2017.38  99999.0     17.4  3969.50  2017.38  1.00000
 1560310   925.72  3970.56  2017.92  99999.0     17.7  3970.56  2017.92  1.00000
 1560343   925.77  3971.62  2018.46  99999.0     17.9  3971.62  2018.46  1.00000
 1560376   925.82  3972.68  2019.00  99999.0     18.2  3972.68  2019.00  1.00000
 1560409   925.88  3973.75  2019.55  99999.0     18.4  3973.75  2019.55  1.00000
 1560442   925.93  3974.83  2020.09  99999.0     18.7  3974.83  2020.09  1.00000
 1560475   925.98  3975.90  2020.64  99999.0     19.0  3975.90  2020.64  1.00000
 1560508   926.04  3976.98  2021.19  99999.0     19.2  3976.98  2021.19  1.00000
 1560541   926.09  3978.07  2021.74  99999.0     19.5  3978.07  2021.74  1.00000
 1560574   926.15  3979.16  2022.29  99999.0     19.8  3979.16  2022.29  1.00000
 1560607   926.20  3980.25  2022.85  99999.0     20.1  3980.25  2022.85  1.00000
 1560640   926.25  3981.34  2023.40  99999.0     20.4  3981.34  2023.40  1.00000
 1560673   926.31  3982.44  2023.96  99999.0     20.7  3982.44  2023.96  1.00000
 1560707   926.36  3983.55  2024.52  99999.0     21.1  3983.55  2024.52  1.00000
 1560740   926.42  3984.65  2025.08  99999.0     21.4  3984.65  2025.08  1.00000
 1560773   926.47  3985.76  2025.64  99999.0     21.8  3985.76  2025.64  1.00000
 1560806   926.53  3986.87  2026.21  99999.0     22.1  3986.87  2026.21  1.00000
 1560839   926.58  3987.98  2026.77  99999.0     22.5  3987.98  2026.77  1.00000
 1560872   926.64  3989.10  2027.34  99999.0     22.8  3989.10  2027.34  1.00000
 1560905   926.69  3990.22  2027.91  99999.0     23.2  3990.22  2027.91  1.00000
 1560938   926.75  3991.34  2028.48  99999.0     23.6  3991.34  2028.48  1.00000
 1560971   926.80  3992.47  2029.05  99999.0     24.0  3992.47  2029.05  1.00000
 1561004   926.86  3993.60  2029.63  99999.0     24.4  3993.60  2029.63  1.00000
 1561037   926.91  3994.73  2030.20  99999.0     24.9  3994.73  2030.20  1.00000
 1561070   926.97  3995.86  2030.78  99999.0     25.3  3995.86  2030.78  1.00000
 1561103   927.02  3997.00  2031.36  99999.0     25.7  3997.00  2031.36  1.00000
 1561136   927.08  3998.14  2031.94  99999.0     26.2  3998.14  2031.94  1.00000
 1561169   927.14  3999.28  2032.52  99999.0     26.7  3999.28  2032.52  1.00000
 1561202   927.19  4000.42  2033.10  99999.0     27.2  4000.42  2033.10  1.00000
 1561235   927.25  4001.57  2033.68  99999.0     27.7  4001.57  2033.68  1.00000
 1561268   927.30  4002.71  2034.27  99999.0     28.2  4002.71  2034.27  1.00000
 1561301   927.36  4003.87  2034.85  99999.0     28.7  4003.87  2034.85  1.00000
 1561334   927.41  4005.02  2035.44  99999.0     29.3  4005.02  2035.44  1.00000
 1561367   927.47  4006.17  2036.02  99999.0     29.9  4006.17  2036.02  1.00000
 1561400   927.53  4007.33  2036.61  99999.0     30.5  4007.33  2036.61  1.00000
 1561433   927.58  4008.49  2037.20  99999.0     31.1  4008.49  2037.20  1.00000
 1561466   927.64  4009.65  2037.79  99999.0     31.7  4009.65  2037.79  1.00000
 1561499   927.69  4010.81  2038.38  99999.0     32.3  4010.81  2038.38  1.00000
 1561532   927.75  4011.97  2038.97  99999.0     33.0  4011.97  2038.97  1.00000
 1561565   927.81  4013.14  2039.56  99999.0     33.7  4013.14  2039.56  1.00000
 1561598   927.86  4014.31  2040.15  99999.0     34.4  4014.31  2040.15  1.00000
 1561631   927.92  4015.47  2040.75  99999.0     35.1  4015.47  2040.75  1.00000
 1561664   927.98  4016.64  2041.34  99999.0     35.9  4016.64  2041.34  1.00000
 1561697   928.03  4017.81  2041.94  99999.0     36.6  4017.81  2041.94  1.00000
 1561730   928.09  4018.98  2042.54  99999.0     37.4  4018.98  2042.54  1.00000
 1561763   928.14  4020.15  2043.13  99999.0     38.3  4020.15  2043.13  1.00000
 1561796   928.20  4021.33  2043.73  99999.0     39.1  4021.33  2043.73  1.00000
 1561829   928.26  4022.50  2044.32  99999.0     40.0  4022.50  2044.32  1.00000
 1561862   928.31  4023.68  2044.92  99999.0     41.0  4023.68  2044.92  1.00000
 1561895   928.37  4024.85  2045.52  99999.0     41.9  4024.85  2045.52  1.00000
 1561929   928.42  4026.03  2046.12  99999.0     42.9  4026.03  2046.12  1.00000
 1561962   928.48  4027.20  2046.71  99999.0     43.9  4027.20  2046.71  1.00000
 1561995   928.54  4028.38  2047.31  99999.0     45.0  4028.38  2047.31  1.00000
 1562028   928.59  4029.55  2047.91  99999.0     46.1  4029.55  2047.91  1.00000
 1562061   928.65  4030.73  2048.51  99999.0     47.2  4030.73  2048.51  1.00000
 1562094   928.70  4031.90  2049.10  99999.0     48.4  4031.90  2049.10  1.00000
 1562127   928.76  4033.08  2049.70  99999.0     49.6  4033.08  2049.70  1.00000
 1562160   928.82  4034.26  2050.30  99999.0     50.8  4034.26  2050.30  1.00000
 1562193   928.87  4035.43  2050.90  99999.0     52.2  4035.43  2050.90  1.00000
 1562226   928.93  4036.61  2051.49  99999.0     53.5  4036.61  2051.49  1.00000
 1562259   928.98  4037.78  2052.09  99999.0     54.9  4037.78  2052.09  1.00000
 1562292   929.04  4038.96  2052.69  99999.0     56.4  4038.96  2052.69  1.00000
 1562325   929.09  4040.13  2053.28  99999.0     57.9  4040.13  2053.28  1.00000
 1562358   929.15  4041.31  2053.88  99999.0     59.5  4041.31  2053.88  1.00000
 1562391   929.20  4042.48  2054.47  99999.0     61.1  4042.48  2054.47  1.00000
 1562424   929.26  4043.65  2055.07  99999.0     62.9  4043.65  2055.07  1.00000
 1562457   929.31  4044.83  2055.67  99999.0     64.6  4044.83  2055.67  1.00000
 1562490   929.37  4046.00  2056.26  99999.0     66.5  4046.00  2056.26  1.00000
 1562523   929.42  4047.16  2056.85  99999.0     68.4  4047.16  2056.85  1.00000
 1562556   929.48  4048.33  2057.45  99999.0     70.4  4048.33  2057.45  1.00000
 1562589   929.53  4049.50  2058.04  99999.0     72.5  4049.50  2058.04  1.00000
 1562622   929.59  4050.66  2058.63  99999.0     74.7  4050.66  2058.63  1.00000
 1562655   929.64  4051.82  2059.22  99999.0     77.0  4051.82  2059.22  1.00000
 1562688   929.69  4052.98  2059.81  99999.0     79.4  4052.98  2059.81  1.00000
 1562721   929.75  4054.14  2060.40  99999.0     81.9  4054.14  2060.40  1.00000
 1562754   929.80  4055.30  2060.98  99999.0     84.4  4055.30  2060.98  1.00000
 1562787   929.85  4056.45  2061.57  99999.0     87.1  4056.45  2061.57  1.00000
 1562820   929.91  4057.60  2062.16  99999.0     90.0  4057.60  2062.16  1.00000
 1562853   929.96  4058.75  2062.74  99999.0     93.0  4058.75  2062.74  1.00000
 1562886   930.01  4059.90  2063.32  99999.0     96.1  4059.90  2063.32  1.00000
 1562919   930.07  4061.04  2063.91  99999.0     99.3  4061.04  2063.91  1.00000
 1562952   930.12  4062.18  2064.49  99999.0    102.7  4062.18  2064.49  1.00000
 1562985   930.17  4063.32  2065.06  99999.0    106.3  4063.32  2065.06  1.00000
 1563018   930.22  4064.45  2065.64  99999.0    110.0  4064.45  2065.64  1.00000
 1563051   930.27  4065.58  2066.21  99999.0    113.9  4065.58  2066.21  1.00000
 1563084   930.33  4066.71  2066.79  99999.0    118.0  4066.71  2066.79  1.00000
 1563117   930.38  4067.83  2067.36  99999.0    122.3  4067.83  2067.36  1.00000
 1563151   930.43  4068.96  2067.93  99999.0    126.8  4068.96  2067.93  1.00000
 1563184   930.48  4070.07  2068.49  99999.0    131.6  4070.07  2068.49  1.00000
 1563217   930.53  4071.19  2069.06  99999.0    136.6  4071.19  2069.06  1.00000
 1563250   930.58  4072.30  2069.62  99999.0    141.8  4072.30  2069.62  1.00000
 1563283   930.63  4073.40  2070.18  99999.0    147.4  4073.40  2070.18  1.00000
 1563316   930.68  4074.50  2070.74  99999.0    153.2  4074.50  2070.74  1.00000
 1563349   930.73  4075.60  2071.30  99999.0    159.4  4075.60  2071.30  1.00000
 1563382   930.78  4076.70  2071.86  99999.0    165.9  4076.70  2071.86  1.00000
 1563415   930.83  4077.79  2072.41  99999.0    172.8  4077.79  2072.41  1.00000
 1563448   930.88  4078.87  2072.96  99999.0    180.0  4078.87  2072.96  1.00000
 1563481   930.92  4079.95  2073.51  99999.0    187.7  4079.95  2073.51  1.00000
 1563514   930.97  4081.03  2074.06  99999.0    195.7  4081.03  2074.06  1.00000
 1563547   931.02  4082.10  2074.60  99999.0    204.2  4082.10  2074.60  1.00000
 1563580   931.07  4083.16  2075.14  99999.0    213.3  4083.16  2075.14  1.00000
 1563613   931.11  4084.22  2075.68  99999.0    222.9  4084.22  2075.68  1.00000
 1563646   931.16  4085.28  2076.22  99999.0    233.1  4085.28  2076.22  1.00000
 1563679   931.21  4086.33  2076.75  99999.0    244.0  4086.33  2076.75  1.00000
 1563712   931.25  4087.37  2077.28  99999.0    255.4  4087.37  2077.28  1.00000
 1563745   931.30  4088.40  2077.81  99999.0    267.5  4088.40  2077.81  1.00000
 1563778   931.34  4089.43  2078.33  99999.0    280.4  4089.43  2078.33  1.00000
 1563811   931.39  4090.46  2078.85  99999.0    294.1  4090.46  2078.85  1.00000
 1563844   931.43  4091.47  2079.37  99999.0    308.9  4091.47  2079.37  1.00000
 1563877   931.48  4092.48  2079.89  99999.0    324.6  4092.48  2079.89  1.00000
 1563910   931.52  4093.49  2080.40  99999.0    341.4  4093.49  2080.40  1.00000
 1563943   931.57  4094.49  2080.91  99999.0    359.2  4094.49  2080.91  1.00000
 1563976   931.61  4095.48  2081.41  99999.0    378.2  4095.48  2081.41  1.00000
 1564009   931.65  4096.46  2081.91  99999.0    398.3  4096.46  2081.91  1.00000
 1564042   931.69  4097.44  2082.41  99999.0    420.0  4097.44  2082.41  1.00000
 1564075   931.73  4098.41  2082.90  99999.0    443.4  4098.41  2082.90  1.00000
 1564108   931.78  4099.38  2083.39  99999.0    468.6  4099.38  2083.39  1.00000
 1564141   931.82  4100.34  2083.88  99999.0    495.7  4100.34  2083.88  1.00000
 1564174   931.86  4101.29  2084.36  99999.0    524.8  4101.29  2084.36  1.00000
 1564207   931.90  4102.24  2084.84  99999.0    555.9  4102.24  2084.84  1.00000
 1564240   931.94  4103.17  2085.31  99999.0    589.0  4103.17  2085.31  1.00000
 1564273   931.98  4104.10  2085.78  99999.0    624.6  4104.10  2085.78  1.00000
 1564306   932.02  4105.01  2086.25  99999.0    663.5  4105.01  2086.25  1.00000
 1564339   932.05  4105.92  2086.72  99999.0    705.8  4105.92  2086.72  1.00000
 1564372   932.09  4106.83  2087.18  99999.0    751.7  4106.83  2087.18  1.00000
 1564406   932.13  4107.72  2087.63  99999.0    801.3  4107.72  2087.63  1.00000
 1564439   932.17  4108.61  2088.08  99999.0    854.9  4108.61  2088.08  1.00000
 1564472   932.20  4109.48  2088.53  99999.0    912.5  4109.48  2088.53  1.00000
 1564505   932.24  4110.35  2088.97  99999.0    974.4  4110.35  2088.97  1.00000
 1564538   932.27  4111.21  2089.41  99999.0   1042.2  4111.21  2089.41  1.00000
 1564571   932.31  4112.06  2089.84  99999.0   1117.1  4112.06  2089.84  1.00000
 1564604   932.34  4112.90  2090.27  99999.0   1199.4  4112.90  2090.27  1.00000
 1564637   932.38  4113.73  2090.69  99999.0   1289.4  4113.73  2090.69  1.00000
 1564670   932.41  4114.55  2091.11  99999.0   1387.6  4114.55  2091.11  1.00000
 1564703   932.44  4115.37  2091.52  99999.0   1494.2  4115.37  2091.52  1.00000
 1564736   932.48  4116.17  2091.93  99999.0   1609.6  4116.17  2091.93  1.00000
 1564769   932.51  4116.96  2092.33  99999.0   1736.0  4116.96  2092.33  1.00000
 1564802   932.54  4117.74  2092.73  99999.0   1882.0  4117.74  2092.73  1.00000
 1564835   932.57  4118.51  2093.12  99999.0   2047.0  4118.51  2093.12  1.00000
 1564868   932.60  4119.28  2093.51  99999.0   2229.2  4119.28  2093.51  1.00000
 1564901   932.63  4120.03  2093.89  99999.0   2426.9  4120.03  2093.89  1.00000
 1564934   932.66  4120.78  2094.27  99999.0   2638.2  4120.78  2094.27  1.00000
 1564967   932.69  4121.51  2094.64  99999.0   2861.5  4121.51  2094.64  1.00000
 1565000   932.72  4122.24  2095.01  99999.0   3095.0  4122.24  2095.01  1.00000
