aicecold_40km_prem.txt
  1    1.000000  1
800 300 500 0
       0  8236.71  5375.08  2851.94  99999.0  10000.0  5375.08  2851.94  1.00000
    4776  8236.69  5375.07  2851.93  99999.0  10000.0  5375.07  2851.93  1.00000
    9551  8236.63  5375.04  2851.92  99999.0  10000.0  5375.04  2851.92  1.00000
   14327  8236.53  5374.98  2851.89  99999.0  10000.0  5374.98  2851.89  1.00000
   19102  8236.38  5374.91  2851.86  99999.0  10000.0  5374.91  2851.86  1.00000
   23878  8236.19  5374.81  2851.81  99999.0  10000.0  5374.81  2851.81  1.00000
   28653  8235.96  5374.70  2851.76  99999.0  10000.0  5374.70  2851.76  1.00000
   33429  8235.70  5374.56  2851.70  99999.0  10000.0  5374.56  2851.70  1.00000
   38204  8235.39  5374.41  2851.63  99999.0  10000.0  5374.41  2851.63  1.00000
   42980  8235.04  5374.23  2851.55  99999.0  10000.0  5374.23  2851.55  1.00000
   47755  8234.65  5374.03  2851.46  99999.0  10000.0  5374.03  2851.46  1.00000
   52531  8234.22  5373.81  2851.36  99999.0  10000.0  5373.81  2851.36  1.00000
   57306  8233.75  5373.57  2851.25  99999.0  10000.0  5373.57  2851.25  1.00000
   62082  8233.23  5373.31  2851.13  99999.0  10000.0  5373.31  2851.13  1.00000
   66857  8232.68  5373.03  2851.01  99999.0  10000.0  5373.03  2851.01  1.00000
   71633  8232.08  5372.72  2850.86  99999.0  10000.0  5372.72  2850.86  1.00000
   76408  8231.45  5372.40  2850.72  99999.0  10000.0  5372.40  2850.72  1.00000
   81184  8230.78  5372.06  2850.56  99999.0  10000.0  5372.06  2850.56  1.00000
   85959  8230.06  5371.69  2850.40  99999.0  10000.0  5371.69  2850.40  1.00000
   90735  8229.30  5371.30  2850.22  99999.0  10000.0  5371.30  2850.22  1.00000
   95510  8228.50  5370.90  2850.04  99999.0  10000.0  5370.90  2850.04  1.00000
  100286  8227.66  5370.47  2849.84  99999.0  10000.0  5370.47  2849.84  1.00000
  105061  8226.78  5370.02  2849.64  99999.0  10000.0  5370.02  2849.64  1.00000
  109837  8225.86  5369.55  2849.43  99999.0  10000.0  5369.55  2849.43  1.00000
  114612  8224.90  5369.06  2849.21  99999.0  10000.0  5369.06  2849.21  1.00000
  119388  8223.89  5368.54  2848.97  99999.0  10000.0  5368.54  2848.97  1.00000
  124163  8222.85  5368.01  2848.73  99999.0  10000.0  5368.01  2848.73  1.00000
  128939  8221.76  5367.46  2848.47  99999.0  10000.0  5367.46  2848.47  1.00000
  133714  8220.64  5366.88  2848.21  99999.0  10000.0  5366.88  2848.21  1.00000
  138490  8219.47  5366.29  2847.94  99999.0  10000.0  5366.29  2847.94  1.00000
  143265  8218.27  5365.67  2847.66  99999.0  10000.0  5365.67  2847.66  1.00000
  148041  8217.02  5365.03  2847.38  99999.0  10000.0  5365.03  2847.38  1.00000
  152816  8215.73  5364.37  2847.08  99999.0  10000.0  5364.37  2847.08  1.00000
  157592  8214.40  5363.69  2846.76  99999.0  10000.0  5363.69  2846.76  1.00000
  162367  8213.03  5362.99  2846.45  99999.0  10000.0  5362.99  2846.45  1.00000
  167143  8211.62  5362.27  2846.12  99999.0  10000.0  5362.27  2846.12  1.00000
  171918  8210.17  5361.52  2845.78  99999.0  10000.0  5361.52  2845.78  1.00000
  176694  8208.68  5360.76  2845.43  99999.0  10000.0  5360.76  2845.43  1.00000
  181469  8207.15  5359.97  2845.07  99999.0  10000.0  5359.97  2845.07  1.00000
  186245  8205.57  5359.16  2844.71  99999.0  10000.0  5359.16  2844.71  1.00000
  191020  8203.96  5358.34  2844.34  99999.0  10000.0  5358.34  2844.34  1.00000
  195796  8202.30  5357.48  2843.95  99999.0  10000.0  5357.48  2843.95  1.00000
  200571  8200.61  5356.61  2843.55  99999.0  10000.0  5356.61  2843.55  1.00000
  205347  8198.88  5355.72  2843.15  99999.0  10000.0  5355.72  2843.15  1.00000
  210122  8197.11  5354.81  2842.73  99999.0  10000.0  5354.81  2842.73  1.00000
  214898  8195.29  5353.87  2842.31  99999.0  10000.0  5353.87  2842.31  1.00000
  219673  8193.44  5352.91  2841.88  99999.0  10000.0  5352.91  2841.88  1.00000
  224449  8191.54  5351.93  2841.43  99999.0  10000.0  5351.93  2841.43  1.00000
  229224  8189.60  5350.94  2840.97  99999.0  10000.0  5350.94  2840.97  1.00000
  234000  8187.63  5349.91  2840.51  99999.0  10000.0  5349.91  2840.51  1.00000
  238775  8185.61  5348.86  2840.04  99999.0  10000.0  5348.86  2840.04  1.00000
  243551  8183.56  5347.80  2839.56  99999.0  10000.0  5347.80  2839.56  1.00000
  248326  8181.46  5346.72  2839.06  99999.0  10000.0  5346.72  2839.06  1.00000
  253102  8179.32  5345.61  2838.56  99999.0  10000.0  5345.61  2838.56  1.00000
  257877  8177.14  5344.48  2838.05  99999.0  10000.0  5344.48  2838.05  1.00000
  262653  8174.93  5343.33  2837.53  99999.0  10000.0  5343.33  2837.53  1.00000
  267428  8172.67  5342.16  2837.00  99999.0  10000.0  5342.16  2837.00  1.00000
  272204  8170.37  5340.96  2836.46  99999.0  10000.0  5340.96  2836.46  1.00000
  276979  8168.04  5339.75  2835.90  99999.0  10000.0  5339.75  2835.90  1.00000
  281755  8165.66  5338.51  2835.34  99999.0  10000.0  5338.51  2835.34  1.00000
  286530  8163.24  5337.25  2834.77  99999.0  10000.0  5337.25  2834.77  1.00000
  291306  8160.79  5335.98  2834.19  99999.0  10000.0  5335.98  2834.19  1.00000
  296081  8158.29  5334.67  2833.60  99999.0  10000.0  5334.67  2833.60  1.00000
  300857  8155.76  5333.34  2833.00  99999.0  10000.0  5333.34  2833.00  1.00000
  305632  8153.18  5331.99  2832.38  99999.0  10000.0  5331.99  2832.38  1.00000
  310408  8150.56  5330.63  2831.76  99999.0  10000.0  5330.63  2831.76  1.00000
  315183  8147.91  5329.24  2831.14  99999.0  10000.0  5329.24  2831.14  1.00000
  319959  8145.21  5327.82  2830.49  99999.0  10000.0  5327.82  2830.49  1.00000
  324734  8142.48  5326.38  2829.84  99999.0  10000.0  5326.38  2829.84  1.00000
  329510  8139.70  5324.93  2829.19  99999.0  10000.0  5324.93  2829.19  1.00000
  334285  8136.89  5323.45  2828.51  99999.0  10000.0  5323.45  2828.51  1.00000
  339061  8134.03  5321.95  2827.83  99999.0  10000.0  5321.95  2827.83  1.00000
  343836  8131.15  5320.42  2827.15  99999.0  10000.0  5320.42  2827.15  1.00000
  348612  8128.21  5318.88  2826.44  99999.0  10000.0  5318.88  2826.44  1.00000
  353387  8125.24  5317.32  2825.73  99999.0  10000.0  5317.32  2825.73  1.00000
  358163  8122.23  5315.72  2825.01  99999.0  10000.0  5315.72  2825.01  1.00000
  362938  8119.18  5314.11  2824.28  99999.0  10000.0  5314.11  2824.28  1.00000
  367714  8116.09  5312.47  2823.54  99999.0  10000.0  5312.47  2823.54  1.00000
  372489  8112.97  5310.81  2822.79  99999.0  10000.0  5310.81  2822.79  1.00000
  377265  8109.80  5309.13  2822.03  99999.0  10000.0  5309.13  2822.03  1.00000
  382040  8106.59  5307.44  2821.25  99999.0  10000.0  5307.44  2821.25  1.00000
  386816  8103.35  5305.71  2820.47  99999.0  10000.0  5305.71  2820.47  1.00000
  391591  8100.06  5303.96  2819.68  99999.0  10000.0  5303.96  2819.68  1.00000
  396367  8096.74  5302.19  2818.88  99999.0  10000.0  5302.19  2818.88  1.00000
  401142  8093.38  5300.39  2818.07  99999.0  10000.0  5300.39  2818.07  1.00000
  405918  8089.98  5298.58  2817.24  99999.0  10000.0  5298.58  2817.24  1.00000
  410693  8086.53  5296.74  2816.41  99999.0  10000.0  5296.74  2816.41  1.00000
  415469  8083.05  5294.87  2815.57  99999.0  10000.0  5294.87  2815.57  1.00000
  420244  8079.54  5292.99  2814.71  99999.0  10000.0  5292.99  2814.71  1.00000
  425020  3511.39  7848.59  4384.81  99999.0    833.4  7848.59  4384.81  1.00000
  429795  3511.49  7849.58  4385.74  99999.0    841.7  7849.58  4385.74  1.00000
  434571  3511.55  7850.47  4386.64  99999.0    850.8  7850.47  4386.64  1.00000
  439346  3506.07  7824.28  4376.71  99999.0    860.3  7824.28  4376.71  1.00000
  444122  3506.16  7825.26  4377.65  99999.0    870.0  7825.26  4377.65  1.00000
  448897  3511.82  7853.30  4389.46  99999.0    880.0  7853.30  4389.46  1.00000
  453673  3511.94  7854.35  4390.45  99999.0    890.3  7854.35  4390.45  1.00000
  458448  3512.06  7855.41  4391.46  99999.0    900.9  7855.41  4391.46  1.00000
  463224  3512.18  7856.46  4392.45  99999.0    911.8  7856.46  4392.45  1.00000
  467999  3506.76  7830.68  4382.64  99999.0    923.0  7830.68  4382.64  1.00000
  472775  3506.87  7831.72  4383.64  99999.0    934.7  7831.72  4383.64  1.00000
  477550  3506.98  7832.74  4384.64  99999.0    946.6  7832.74  4384.64  1.00000
  482326  3507.10  7833.75  4385.65  99999.0    958.9  7833.75  4385.65  1.00000
  487101  3507.21  7834.76  4386.65  99999.0    971.6  7834.76  4386.65  1.00000
  491877  3507.32  7835.74  4387.65  99999.0    984.6  7835.74  4387.65  1.00000
  496652  3509.33  7845.99  4392.47  99999.0    998.2  7845.99  4392.47  1.00000
  501428  3507.54  7837.78  4389.71  99999.0   1012.0  7837.78  4389.71  1.00000
  506203  3507.65  7838.79  4390.74  99999.0   1026.0  7838.79  4390.74  1.00000
  510979  3507.76  7839.79  4391.76  99999.0   1040.9  7839.79  4391.76  1.00000
  515754  3507.86  7840.74  4392.74  99999.0   1056.0  7840.74  4392.74  1.00000
  520530  3507.96  7841.68  4393.71  99999.0   1072.1  7841.68  4393.71  1.00000
  525305  3508.05  7842.58  4394.64  99999.0   1088.2  7842.58  4394.64  1.00000
  530081  3502.54  7816.49  4384.80  99999.0   1105.4  7816.49  4384.80  1.00000
  534856  3502.63  7817.40  4385.76  99999.0   1121.3  7817.40  4385.76  1.00000
  539632  3508.28  7845.17  4397.45  99999.0   1138.5  7845.17  4397.45  1.00000
  544407  3508.35  7846.07  4398.45  99999.0   1155.6  7846.07  4398.45  1.00000
  549183  3508.43  7846.98  4399.46  99999.0   1173.7  7846.98  4399.46  1.00000
  553958  3508.51  7847.87  4400.46  99999.0   1191.8  7847.87  4400.46  1.00000
  558734  3502.99  7821.28  4390.19  99999.0   1210.9  7821.28  4390.19  1.00000
  563509  3503.04  7822.06  4391.08  99999.0   1230.0  7822.06  4391.08  1.00000
  568285  3503.10  7822.85  4391.99  99999.0   1250.1  7822.85  4391.99  1.00000
  573060  3503.16  7823.64  4392.88  99999.0   1271.2  7823.64  4392.88  1.00000
  577836  3508.88  7851.98  4405.18  99999.0   1292.3  7851.98  4405.18  1.00000
  582611  3506.59  7841.34  4401.40  99999.0   1314.4  7841.34  4401.40  1.00000
  587387  3503.37  7826.27  4395.86  99999.0   1337.5  7826.27  4395.86  1.00000
  592162  3503.45  7827.13  4396.88  99999.0   1361.7  7827.13  4396.88  1.00000
  596938  3503.52  7827.94  4397.86  99999.0   1385.7  7827.94  4397.86  1.00000
  601713  3503.58  7828.71  4398.80  99999.0   1410.8  7828.71  4398.80  1.00000
  606489  3503.63  7829.45  4399.70  99999.0   1437.9  7829.45  4399.70  1.00000
  611264  3498.07  7803.27  4389.98  99999.0   1465.1  7803.27  4389.98  1.00000
  616040  3503.75  7830.96  4401.47  99999.0   1493.2  7830.96  4401.47  1.00000
  620815  3503.83  7831.83  4402.44  99999.0   1521.5  7831.83  4402.44  1.00000
  625591  3503.91  7832.72  4403.42  99999.0   1551.7  7832.72  4403.42  1.00000
  630366  3503.98  7833.60  4404.40  99999.0   1583.0  7833.60  4404.40  1.00000
  635142  3504.06  7834.48  4405.38  99999.0   1615.1  7834.48  4405.38  1.00000
  639917  3498.39  7807.79  4395.70  99999.0   1648.3  7807.79  4395.70  1.00000
  644693  3498.46  7808.64  4396.68  99999.0   1683.6  7808.64  4396.68  1.00000
  649468  3498.53  7809.48  4397.66  99999.0   1718.7  7809.48  4397.66  1.00000
  654244  3504.25  7837.57  4409.37  99999.0   1755.9  7837.57  4409.37  1.00000
  659019  3504.29  7838.30  4410.36  99999.0   1795.2  7838.30  4410.36  1.00000
  663795  3504.33  7839.03  4411.37  99999.0   1834.5  7839.03  4411.37  1.00000
  668570  3498.70  7812.62  4401.69  99999.0   1876.6  7812.62  4401.69  1.00000
  673346  3498.71  7813.31  4402.71  99999.0   1919.8  7813.31  4402.71  1.00000
  678121  3498.72  7814.00  4403.73  99999.0   1963.9  7814.00  4403.73  1.00000
  682897  3502.34  7831.90  4411.43  99999.0   2010.8  7831.90  4411.43  1.00000
  687672  3504.48  7842.79  4416.36  99999.0   2059.1  7842.79  4416.36  1.00000
  692448  3498.79  7816.12  4406.77  99999.0   2109.4  7816.12  4406.77  1.00000
  697223  3498.82  7816.76  4407.66  99999.0   2161.7  7816.76  4407.66  1.00000
  701999  3498.83  7817.31  4408.47  99999.0   2216.0  7817.31  4408.47  1.00000
  706774  3498.83  7817.78  4409.23  99999.0   2272.3  7817.78  4409.23  1.00000
  711550  3498.82  7818.15  4409.94  99999.0   2331.7  7818.15  4409.94  1.00000
  716325  3504.40  7845.68  4421.31  99999.0   2392.2  7845.68  4421.31  1.00000
  721101  3498.81  7819.10  4411.52  99999.0   2456.2  7819.10  4411.52  1.00000
  725876  3498.83  7819.78  4412.53  99999.0   2522.5  7819.78  4412.53  1.00000
  730652  3498.84  7820.46  4413.53  99999.0   2592.5  7820.46  4413.53  1.00000
  735427  3498.85  7821.13  4414.53  99999.0   2664.1  7821.13  4414.53  1.00000
  740203  3498.86  7821.80  4415.53  99999.0   2739.2  7821.80  4415.53  1.00000
  744978  3493.22  7794.97  4405.75  99999.0   2818.6  7794.97  4405.75  1.00000
  749754  3498.80  7822.81  4417.41  99999.0   2897.1  7822.81  4417.41  1.00000
  754529  3498.74  7823.18  4418.31  99999.0   2978.5  7823.18  4418.31  1.00000
  759305  3498.68  7823.54  4419.19  99999.0   3064.0  7823.54  4419.19  1.00000
  764080  3498.62  7823.92  4420.08  99999.0   3153.6  7823.92  4420.08  1.00000
  768856  3498.55  7824.28  4420.97  99999.0   3247.1  7824.28  4420.97  1.00000
  773631  3493.16  7798.63  4411.74  99999.0   3344.6  7798.63  4411.74  1.00000
  778407  3498.53  7825.62  4423.14  99999.0   3446.8  7825.62  4423.14  1.00000
  783182  3498.53  7826.33  4424.26  99999.0   3553.6  7826.33  4424.26  1.00000
  787958  3498.52  7827.03  4425.39  99999.0   3666.0  7827.03  4425.39  1.00000
  792733  3498.52  7827.74  4426.53  99999.0   3782.6  7827.74  4426.53  1.00000
  797509  3492.81  7800.32  4416.25  99999.0   3905.2  7800.32  4416.25  1.00000
  802284  3492.81  7801.01  4417.39  99999.0   4034.0  7801.01  4417.39  1.00000
  807060  3498.47  7829.38  4429.60  99999.0   4168.9  7829.38  4429.60  1.00000
  811835  3498.44  7829.87  4430.60  99999.0   4310.7  7829.87  4430.60  1.00000
  816611  3498.42  7830.37  4431.60  99999.0   4459.5  7830.37  4431.60  1.00000
  821386  3495.19  7815.45  4426.54  99999.0   4615.3  7815.45  4426.54  1.00000
  826162  3492.73  7804.19  4422.93  99999.0   4779.8  7804.19  4422.93  1.00000
  830937  3498.31  7831.91  4434.59  99999.0   4952.7  7831.91  4434.59  1.00000
  835713  3498.25  7832.27  4435.46  99999.0   5134.5  7832.27  4435.46  1.00000
  840488  3498.17  7832.52  4436.27  99999.0   5325.5  7832.52  4436.27  1.00000
  845264  3498.08  7832.67  4437.00  99999.0   5527.6  7832.67  4437.00  1.00000
  850039  3492.46  7806.06  4427.37  99999.0   5739.8  7806.06  4427.37  1.00000
  854815  3492.38  7806.27  4428.16  99999.0   5964.3  7806.27  4428.16  1.00000
  859590  3497.85  7833.40  4439.46  99999.0   6201.7  7833.40  4439.46  1.00000
  864366  3497.80  7833.86  4440.45  99999.0   6451.5  7833.86  4440.45  1.00000
  869141  3497.75  7834.33  4441.45  99999.0   6716.0  7834.33  4441.45  1.00000
  873917  3492.08  7807.44  4431.82  99999.0   6995.0  7807.44  4431.82  1.00000
  878692  3492.03  7807.89  4432.82  99999.0   7291.3  7807.89  4432.82  1.00000
  883468  3497.59  7835.66  4444.42  99999.0   7604.8  7835.66  4444.42  1.00000
  888243  3497.53  7836.09  4445.42  99999.0   7936.5  7836.09  4445.42  1.00000
  893019  3497.47  7836.53  4446.42  99999.0   8288.4  7836.53  4446.42  1.00000
  897794  3491.79  7809.61  4436.83  99999.0   8662.5  7809.61  4436.83  1.00000
  902570  3491.73  7810.03  4437.82  99999.0   9059.1  7810.03  4437.82  1.00000
  907345  3491.66  7810.43  4438.82  99999.0   9481.8  7810.43  4438.82  1.00000
  912121  3497.15  7837.36  4450.00  99999.0   9930.6  7837.36  4450.00  1.00000
  916896  3497.06  7837.50  4450.88  99999.0  10407.8  7837.50  4450.88  1.00000
  921672  3491.44  7811.50  4441.76  99999.0  10921.5  7811.50  4441.76  1.00000
  926447  3491.33  7811.51  4442.53  99999.0  11463.7  7811.51  4442.53  1.00000
  931223  3491.22  7811.47  4443.25  99999.0  12036.4  7811.47  4443.25  1.00000
  935998  3496.72  7838.43  4454.65  99999.0  12659.8  7838.43  4454.65  1.00000
  940774  3496.63  7838.59  4455.50  99999.0  13303.4  7838.59  4455.50  1.00000
  945549  3490.90  7811.42  4445.53  99999.0  13988.1  7811.42  4445.53  1.00000
  950325  3490.81  7811.70  4446.51  99999.0  14712.0  7811.70  4446.51  1.00000
  955100  3490.72  7811.97  4447.51  99999.0  15489.8  7811.97  4447.51  1.00000
  959876  3496.28  7839.81  4459.45  99999.0  16325.2  7839.81  4459.45  1.00000
  964651  3496.20  7840.24  4460.58  99999.0  17221.1  7840.24  4460.58  1.00000
  969427  3490.45  7812.84  4450.53  99999.0  18175.4  7812.84  4450.53  1.00000
  974202  3490.37  7813.25  4451.66  99999.0  19200.0  7813.25  4451.66  1.00000
  978978  3490.28  7813.65  4452.79  99999.0  20314.7  7813.65  4452.79  1.00000
  983753  3495.82  7841.58  4464.82  99999.0  21500.9  7841.58  4464.82  1.00000
  988529  3495.66  7841.48  4465.52  99999.0  22788.1  7841.48  4465.52  1.00000
  993304  3489.99  7814.63  4456.05  99999.0  24166.7  7814.63  4456.05  1.00000
  998080  3489.84  7814.54  4456.78  99999.0  25665.6  7814.54  4456.78  1.00000
 1002855  3495.19  7841.26  4467.74  99999.0  27288.5  7841.26  4467.74  1.00000
 1007631  3495.09  7841.67  4468.89  99999.0  29037.1  7841.67  4468.89  1.00000
 1012406  3495.00  7842.09  4470.06  99999.0  30931.8  7842.09  4470.06  1.00000
 1017182  3489.20  7814.30  4459.86  99999.0  32989.3  7814.30  4459.86  1.00000
 1021957  3489.08  7814.50  4460.85  99999.0  35229.5  7814.50  4460.85  1.00000
 1026733  3494.63  7842.46  4472.84  99999.0  37660.8  7842.46  4472.84  1.00000
 1031508  3494.48  7842.32  4473.58  99999.0  40314.9  7842.32  4473.58  1.00000
 1036284  3494.32  7842.16  4474.33  99999.0  43211.7  7842.16  4474.33  1.00000
 1041059  3488.57  7815.17  4464.75  99999.0  46370.4  7815.17  4464.75  1.00000
 1045835  3488.42  7815.27  4465.72  99999.0  49824.5  7815.27  4465.72  1.00000
 1050610  3493.85  7841.97  4476.90  99999.0  53612.7  7841.97  4476.90  1.00000
 1055386  3493.70  7842.12  4477.92  99999.0  57765.0  7842.12  4477.92  1.00000
 1060161  3493.55  7842.27  4478.93  99999.0  62331.4  7842.27  4478.93  1.00000
 1064937  3487.75  7814.99  4468.99  99999.0  67351.4  7814.99  4468.99  1.00000
 1069712  3493.28  7842.62  4481.03  99999.0  72884.3  7842.62  4481.03  1.00000
 1074488  3493.14  7842.64  4481.96  99999.0  79003.7  7842.64  4481.96  1.00000
 1079263  3493.00  7842.65  4482.88  99999.0  85759.8  7842.65  4482.88  1.00000
 1084039  3492.49  7840.87  4483.09  99999.0  93133.2  7840.87  4483.09  1.00000
 1088814  3492.66  7842.42  4484.52  99999.0  99999.0  7842.42  4484.52  1.00000
 1093590  3492.46  7842.28  4485.36  99999.0  99999.0  7842.28  4485.36  1.00000
 1098365  3492.27  7842.15  4486.21  99999.0  99999.0  7842.15  4486.21  1.00000
 1103141  3492.06  7842.02  4487.06  99999.0  99999.0  7842.02  4487.06  1.00000
 1107916  3486.46  7815.62  4478.18  99999.0  99999.0  7815.62  4478.18  1.00000
 1112692  3491.75  7842.01  4488.84  99999.0  99999.0  7842.01  4488.84  1.00000
 1117467  3491.61  7842.06  4489.75  99999.0  99999.0  7842.06  4489.75  1.00000
 1122243  3491.47  7842.12  4490.68  99999.0  99999.0  7842.12  4490.68  1.00000
 1127018  3491.33  7842.17  4491.59  99999.0  99999.0  7842.17  4491.59  1.00000
 1131794  3491.15  7842.00  4492.41  99999.0  99999.0  7842.00  4492.41  1.00000
 1136569  3490.95  7841.66  4493.14  99999.0  99999.0  7841.66  4493.14  1.00000
 1141345  3490.75  7841.33  4493.89  99999.0  99999.0  7841.33  4493.89  1.00000
 1146120  3490.54  7841.01  4494.63  99999.0  99999.0  7841.01  4494.63  1.00000
 1150896  3495.85  7867.95  4506.32  99999.0  99999.0  7867.95  4506.32  1.00000
 1155671  3490.11  7840.55  4496.34  99999.0  99999.0  7840.55  4496.34  1.00000
 1160447  3489.90  7840.43  4497.29  99999.0  99999.0  7840.43  4497.29  1.00000
 1165222  3489.69  7840.31  4498.23  99999.0  99999.0  7840.31  4498.23  1.00000
 1169998  3494.88  7866.33  4509.02  99999.0  99999.0  7866.33  4509.02  1.00000
 1174773  3489.30  7840.21  4500.24  99999.0  99999.0  7840.21  4500.24  1.00000
 1179549  3489.07  7839.90  4501.07  99999.0  99999.0  7839.90  4501.07  1.00000
 1184324  3488.82  7839.58  4501.88  99999.0  99999.0  7839.58  4501.88  1.00000
 1189100  3493.99  7865.18  4512.39  99999.0  99999.0  7865.18  4512.39  1.00000
 1193875  3493.77  7864.90  4513.27  99999.0  99999.0  7864.90  4513.27  1.00000
 1198651  3488.10  7838.63  4504.39  99999.0  99999.0  7838.63  4504.39  1.00000
 1203426  3487.88  7838.34  4505.26  99999.0  99999.0  7838.34  4505.26  1.00000
 1208202  3493.02  7863.85  4515.66  99999.0  99999.0  7863.85  4515.66  1.00000
 1212977  3492.76  7863.50  4516.45  99999.0  99999.0  7863.50  4516.45  1.00000
 1217753  3487.15  7836.88  4507.46  99999.0  99999.0  7836.88  4507.46  1.00000
 1222528  3486.86  7836.20  4508.02  99999.0  99999.0  7836.20  4508.02  1.00000
 1227304  3492.03  7862.40  4519.01  99999.0  99999.0  7862.40  4519.01  1.00000
 1232079  3491.79  7862.01  4519.87  99999.0  99999.0  7862.01  4519.87  1.00000
 1236855  3491.56  7861.77  4520.83  99999.0  99999.0  7861.77  4520.83  1.00000
 1241630  3471.94  7786.61  4489.25  99999.0  99999.0  7786.61  4489.25  1.00000
 1246406  3489.33  7855.05  4519.66  99999.0  99999.0  7855.05  4519.66  1.00000
 1251181  3488.02  7850.91  4518.71  99999.0  99999.0  7850.91  4518.71  1.00000
 1255957  3488.51  7853.02  4520.69  99999.0  99999.0  7853.02  4520.69  1.00000
 1260732  3469.57  7780.43  4490.72  99999.0  99999.0  7780.43  4490.72  1.00000
 1265508  3486.21  7845.99  4519.25  99999.0  99999.0  7845.99  4519.25  1.00000
 1270283  3481.79  7831.13  4513.19  99999.0  99999.0  7831.13  4513.19  1.00000
 1275059  3477.37  7816.32  4507.21  99999.0  99999.0  7816.32  4507.21  1.00000
 1279834  3493.64  7881.25  4536.62  99999.0  99999.0  7881.25  4536.62  1.00000
 1284610  3473.28  7803.21  4503.10  99999.0  99999.0  7803.21  4503.10  1.00000
 1289385  3472.92  7802.37  4503.57  99999.0  99999.0  7802.37  4503.57  1.00000
 1294161  3472.52  7801.26  4503.81  99999.0  99999.0  7801.26  4503.81  1.00000
 1298936  3488.89  7866.12  4533.13  99999.0  99999.0  7866.12  4533.13  1.00000
 1303712  3471.74  7799.23  4504.56  99999.0  99999.0  7799.23  4504.56  1.00000
 1308487  3471.43  7798.66  4505.38  99999.0  99999.0  7798.66  4505.38  1.00000
 1313263  3471.10  7798.10  4506.15  99999.0  99999.0  7798.10  4506.15  1.00000
 1318038  3475.95  7822.79  4515.40  99999.0  99999.0  7822.79  4515.40  1.00000
 1322814  3475.66  7822.21  4516.38  99999.0  99999.0  7822.21  4516.38  1.00000
 1327589  3470.13  7796.07  4508.58  99999.0  99999.0  7796.07  4508.58  1.00000
 1332365  3475.00  7820.54  4517.91  99999.0  99999.0  7820.54  4517.91  1.00000
 1337140  3474.60  7819.30  4518.22  99999.0  99999.0  7819.30  4518.22  1.00000
 1341916  3474.20  7818.06  4518.53  99999.0  99999.0  7818.06  4518.53  1.00000
 1346691  3468.75  7792.62  4511.65  99999.0  99999.0  7792.62  4511.65  1.00000
 1351467  3473.32  7815.53  4519.06  99999.0  99999.0  7815.53  4519.06  1.00000
 1356242  3472.88  7814.25  4519.31  99999.0  99999.0  7814.25  4519.31  1.00000
 1361018  3472.43  7812.97  4519.56  99999.0  99999.0  7812.97  4519.56  1.00000
 1365793  3472.00  7811.77  4519.92  99999.0  99999.0  7811.77  4519.92  1.00000
 1370569  3471.61  7810.82  4520.58  99999.0  99999.0  7810.82  4520.58  1.00000
 1375344  3471.22  7809.87  4521.23  99999.0  99999.0  7809.87  4521.23  1.00000
 1380120  3470.83  7808.92  4521.90  99999.0  99999.0  7808.92  4521.90  1.00000
 1384895  3475.26  7832.11  4529.63  99999.0  99999.0  7832.11  4529.63  1.00000
 1389671  3469.84  7805.96  4522.09  99999.0  99999.0  7805.96  4522.09  1.00000
 1394446  3469.35  7804.54  4522.29  99999.0  99999.0  7804.54  4522.29  1.00000
 1399222  3474.00  7828.17  4531.54  99999.0  99999.0  7828.17  4531.54  1.00000
 1403997  3473.58  7826.85  4532.18  99999.0  99999.0  7826.85  4532.18  1.00000
 1408773  3468.08  7800.87  4524.09  99999.0  99999.0  7800.87  4524.09  1.00000
 1413548  3468.11  7801.86  4525.35  99999.0  99999.0  7801.86  4525.35  1.00000
 1418324  3472.01  7821.93  4532.43  99999.0  99999.0  7821.93  4532.43  1.00000
 1423099  3471.47  7820.40  4532.50  99999.0  99999.0  7820.40  4532.50  1.00000
 1427875  3438.64  7753.27  4488.07  99999.0  99999.0  7753.27  4488.07  1.00000
 1427875  1078.39  1749.08     0.00  99999.0  99999.0  1749.08     0.00  1.00000
 1428364  1078.14  1747.73     0.00  99999.0  99999.0  1747.73     0.00  1.00000
 1428852  1077.88  1746.40     0.00  99999.0  99999.0  1746.40     0.00  1.00000
 1429341  1077.62  1745.06     0.00  99999.0  99999.0  1745.06     0.00  1.00000
 1429830  1077.37  1743.72     0.00  99999.0  99999.0  1743.72     0.00  1.00000
 1430318  1077.11  1742.39     0.00  99999.0  99999.0  1742.39     0.00  1.00000
 1430807  1076.86  1741.05     0.00  99999.0  99999.0  1741.05     0.00  1.00000
 1431296  1076.60  1739.71     0.00  99999.0  99999.0  1739.71     0.00  1.00000
 1431785  1076.34  1738.39     0.00  99999.0  99999.0  1738.39     0.00  1.00000
 1432273  1076.09  1737.05     0.00  99999.0  99999.0  1737.05     0.00  1.00000
 1432762  1075.83  1735.71     0.00  99999.0  99999.0  1735.71     0.00  1.00000
 1433251  1075.57  1734.37     0.00  99999.0  99999.0  1734.37     0.00  1.00000
 1433739  1075.32  1733.04     0.00  99999.0  99999.0  1733.04     0.00  1.00000
 1434228  1075.06  1731.70     0.00  99999.0  99999.0  1731.70     0.00  1.00000
 1434717  1074.80  1730.36     0.00  99999.0  99999.0  1730.36     0.00  1.00000
 1435205  1074.54  1729.03     0.00  99999.0  99999.0  1729.03     0.00  1.00000
 1435694  1074.28  1727.69     0.00  99999.0  99999.0  1727.69     0.00  1.00000
 1436183  1074.02  1726.35     0.00  99999.0  99999.0  1726.35     0.00  1.00000
 1436671  1073.77  1725.02     0.00  99999.0  99999.0  1725.02     0.00  1.00000
 1437160  1073.51  1723.69     0.00  99999.0  99999.0  1723.69     0.00  1.00000
 1437649  1073.25  1722.35     0.00  99999.0  99999.0  1722.35     0.00  1.00000
 1438138  1072.99  1721.01     0.00  99999.0  99999.0  1721.01     0.00  1.00000
 1438626  1072.73  1719.67     0.00  99999.0  99999.0  1719.67     0.00  1.00000
 1439115  1072.47  1718.34     0.00  99999.0  99999.0  1718.34     0.00  1.00000
 1439604  1072.21  1717.00     0.00  99999.0  99999.0  1717.00     0.00  1.00000
 1440092  1071.95  1715.67     0.00  99999.0  99999.0  1715.67     0.00  1.00000
 1440581  1071.69  1714.33     0.00  99999.0  99999.0  1714.33     0.00  1.00000
 1441070  1071.43  1712.99     0.00  99999.0  99999.0  1712.99     0.00  1.00000
 1441558  1071.17  1711.65     0.00  99999.0  99999.0  1711.65     0.00  1.00000
 1442047  1070.91  1710.32     0.00  99999.0  99999.0  1710.32     0.00  1.00000
 1442536  1070.64  1708.98     0.00  99999.0  99999.0  1708.98     0.00  1.00000
 1443024  1070.39  1707.64     0.00  99999.0  99999.0  1707.64     0.00  1.00000
 1443513  1070.12  1706.31     0.00  99999.0  99999.0  1706.31     0.00  1.00000
 1444002  1069.86  1704.97     0.00  99999.0  99999.0  1704.97     0.00  1.00000
 1444491  1069.60  1703.65     0.00  99999.0  99999.0  1703.65     0.00  1.00000
 1444979  1069.33  1702.31     0.00  99999.0  99999.0  1702.31     0.00  1.00000
 1445468  1069.07  1700.97     0.00  99999.0  99999.0  1700.97     0.00  1.00000
 1445957  1068.81  1699.64     0.00  99999.0  99999.0  1699.64     0.00  1.00000
 1446445  1068.55  1698.30     0.00  99999.0  99999.0  1698.30     0.00  1.00000
 1446934  1068.28  1696.97     0.00  99999.0  99999.0  1696.97     0.00  1.00000
 1447423  1068.02  1695.63     0.00  99999.0  99999.0  1695.63     0.00  1.00000
 1447911  1067.76  1694.30     0.00  99999.0  99999.0  1694.30     0.00  1.00000
 1448400  1067.49  1692.97     0.00  99999.0  99999.0  1692.97     0.00  1.00000
 1448889  1067.23  1691.63     0.00  99999.0  99999.0  1691.63     0.00  1.00000
 1449378  1066.96  1690.30     0.00  99999.0  99999.0  1690.30     0.00  1.00000
 1449866  1066.69  1688.96     0.00  99999.0  99999.0  1688.96     0.00  1.00000
 1450355  1066.43  1687.63     0.00  99999.0  99999.0  1687.63     0.00  1.00000
 1450844  1066.17  1686.30     0.00  99999.0  99999.0  1686.30     0.00  1.00000
 1451332  1065.90  1684.97     0.00  99999.0  99999.0  1684.97     0.00  1.00000
 1451821  1065.63  1683.64     0.00  99999.0  99999.0  1683.64     0.00  1.00000
 1452310  1065.37  1682.31     0.00  99999.0  99999.0  1682.31     0.00  1.00000
 1452798  1065.10  1680.98     0.00  99999.0  99999.0  1680.98     0.00  1.00000
 1453287  1064.84  1679.64     0.00  99999.0  99999.0  1679.64     0.00  1.00000
 1453776  1064.57  1678.31     0.00  99999.0  99999.0  1678.31     0.00  1.00000
 1454264  1064.30  1676.98     0.00  99999.0  99999.0  1676.98     0.00  1.00000
 1454753  1064.04  1675.65     0.00  99999.0  99999.0  1675.65     0.00  1.00000
 1455242  1063.77  1674.32     0.00  99999.0  99999.0  1674.32     0.00  1.00000
 1455731  1063.50  1672.99     0.00  99999.0  99999.0  1672.99     0.00  1.00000
 1456219  1063.24  1671.66     0.00  99999.0  99999.0  1671.66     0.00  1.00000
 1456708  1062.96  1670.33     0.00  99999.0  99999.0  1670.33     0.00  1.00000
 1457197  1062.70  1669.01     0.00  99999.0  99999.0  1669.01     0.00  1.00000
 1457685  1062.43  1667.69     0.00  99999.0  99999.0  1667.69     0.00  1.00000
 1458174  1062.16  1666.36     0.00  99999.0  99999.0  1666.36     0.00  1.00000
 1458663  1061.89  1665.03     0.00  99999.0  99999.0  1665.03     0.00  1.00000
 1459151  1061.63  1663.70     0.00  99999.0  99999.0  1663.70     0.00  1.00000
 1459640  1061.35  1662.38     0.00  99999.0  99999.0  1662.38     0.00  1.00000
 1460129  1061.09  1661.05     0.00  99999.0  99999.0  1661.05     0.00  1.00000
 1460617  1060.81  1659.73     0.00  99999.0  99999.0  1659.73     0.00  1.00000
 1461106  1060.54  1658.40     0.00  99999.0  99999.0  1658.40     0.00  1.00000
 1461595  1060.28  1657.08     0.00  99999.0  99999.0  1657.08     0.00  1.00000
 1462084  1060.00  1655.76     0.00  99999.0  99999.0  1655.76     0.00  1.00000
 1462572  1059.73  1654.43     0.00  99999.0  99999.0  1654.43     0.00  1.00000
 1463061  1059.47  1653.11     0.00  99999.0  99999.0  1653.11     0.00  1.00000
 1463550  1059.19  1651.79     0.00  99999.0  99999.0  1651.79     0.00  1.00000
 1464038  1058.92  1650.47     0.00  99999.0  99999.0  1650.47     0.00  1.00000
 1464527  1058.64  1649.15     0.00  99999.0  99999.0  1649.15     0.00  1.00000
 1465016  1058.37  1647.83     0.00  99999.0  99999.0  1647.83     0.00  1.00000
 1465504  1058.11  1646.51     0.00  99999.0  99999.0  1646.51     0.00  1.00000
 1465993  1057.83  1645.19     0.00  99999.0  99999.0  1645.19     0.00  1.00000
 1466482  1057.56  1643.87     0.00  99999.0  99999.0  1643.87     0.00  1.00000
 1466970  1057.29  1642.56     0.00  99999.0  99999.0  1642.56     0.00  1.00000
 1467459  1057.01  1641.24     0.00  99999.0  99999.0  1641.24     0.00  1.00000
 1467948  1056.74  1639.92     0.00  99999.0  99999.0  1639.92     0.00  1.00000
 1468437  1056.47  1638.61     0.00  99999.0  99999.0  1638.61     0.00  1.00000
 1468925  1056.19  1637.29     0.00  99999.0  99999.0  1637.29     0.00  1.00000
 1469414  1055.92  1635.98     0.00  99999.0  99999.0  1635.98     0.00  1.00000
 1469903  1055.64  1634.67     0.00  99999.0  99999.0  1634.67     0.00  1.00000
 1470391  1055.37  1633.35     0.00  99999.0  99999.0  1633.35     0.00  1.00000
 1470880  1055.10  1632.04     0.00  99999.0  99999.0  1632.04     0.00  1.00000
 1471369  1054.82  1630.73     0.00  99999.0  99999.0  1630.73     0.00  1.00000
 1471857  1054.55  1629.42     0.00  99999.0  99999.0  1629.42     0.00  1.00000
 1472346  1054.27  1628.11     0.00  99999.0  99999.0  1628.11     0.00  1.00000
 1472835  1053.99  1626.80     0.00  99999.0  99999.0  1626.80     0.00  1.00000
 1473323  1053.72  1625.49     0.00  99999.0  99999.0  1625.49     0.00  1.00000
 1473812  1053.44  1624.19     0.00  99999.0  99999.0  1624.19     0.00  1.00000
 1474301  1053.16  1622.88     0.00  99999.0  99999.0  1622.88     0.00  1.00000
 1474790  1052.89  1621.57     0.00  99999.0  99999.0  1621.57     0.00  1.00000
 1475278  1052.61  1620.27     0.00  99999.0  99999.0  1620.27     0.00  1.00000
 1475767  1052.33  1618.96     0.00  99999.0  99999.0  1618.96     0.00  1.00000
 1476256  1052.06  1617.66     0.00  99999.0  99999.0  1617.66     0.00  1.00000
 1476744  1051.78  1616.37     0.00  99999.0  99999.0  1616.37     0.00  1.00000
 1477233  1051.50  1615.06     0.00  99999.0  99999.0  1615.06     0.00  1.00000
 1477722  1051.23  1613.76     0.00  99999.0  99999.0  1613.76     0.00  1.00000
 1478210  1050.94  1612.46     0.00  99999.0  99999.0  1612.46     0.00  1.00000
 1478699  1050.67  1611.16     0.00  99999.0  99999.0  1611.16     0.00  1.00000
 1479188  1050.38  1609.86     0.00  99999.0  99999.0  1609.86     0.00  1.00000
 1479677  1050.11  1608.57     0.00  99999.0  99999.0  1608.57     0.00  1.00000
 1480165  1049.83  1607.27     0.00  99999.0  99999.0  1607.27     0.00  1.00000
 1480654  1049.55  1605.97     0.00  99999.0  99999.0  1605.97     0.00  1.00000
 1481143  1049.27  1604.68     0.00  99999.0  99999.0  1604.68     0.00  1.00000
 1481631  1048.99  1603.39     0.00  99999.0  99999.0  1603.39     0.00  1.00000
 1482120  1048.71  1602.09     0.00  99999.0  99999.0  1602.09     0.00  1.00000
 1482609  1048.43  1600.80     0.00  99999.0  99999.0  1600.80     0.00  1.00000
 1483097  1048.14  1599.51     0.00  99999.0  99999.0  1599.51     0.00  1.00000
 1483586  1047.87  1598.23     0.00  99999.0  99999.0  1598.23     0.00  1.00000
 1484075  1047.59  1596.94     0.00  99999.0  99999.0  1596.94     0.00  1.00000
 1484563  1047.30  1595.65     0.00  99999.0  99999.0  1595.65     0.00  1.00000
 1485052  1047.02  1594.37     0.00  99999.0  99999.0  1594.37     0.00  1.00000
 1485541  1046.74  1593.08     0.00  99999.0  99999.0  1593.08     0.00  1.00000
 1486030  1046.45  1591.80     0.00  99999.0  99999.0  1591.80     0.00  1.00000
 1486518  1046.17  1590.52     0.00  99999.0  99999.0  1590.52     0.00  1.00000
 1487007  1045.90  1589.23     0.00  99999.0  99999.0  1589.23     0.00  1.00000
 1487496  1045.61  1587.95     0.00  99999.0  99999.0  1587.95     0.00  1.00000
 1487984  1045.33  1586.68     0.00  99999.0  99999.0  1586.68     0.00  1.00000
 1488473  1045.05  1585.40     0.00  99999.0  99999.0  1585.40     0.00  1.00000
 1488962  1044.76  1584.12     0.00  99999.0  99999.0  1584.12     0.00  1.00000
 1489450  1044.47  1582.85     0.00  99999.0  99999.0  1582.85     0.00  1.00000
 1489939  1044.19  1581.57     0.00  99999.0  99999.0  1581.57     0.00  1.00000
 1490428  1043.90  1580.30     0.00  99999.0  99999.0  1580.30     0.00  1.00000
 1490916  1043.62  1579.03     0.00  99999.0  99999.0  1579.03     0.00  1.00000
 1491405  1043.34  1577.76     0.00  99999.0  99999.0  1577.76     0.00  1.00000
 1491894  1043.05  1576.49     0.00  99999.0  99999.0  1576.49     0.00  1.00000
 1492383  1042.77  1575.21     0.00  99999.0  99999.0  1575.21     0.00  1.00000
 1492871  1042.48  1573.96     0.00  99999.0  99999.0  1573.96     0.00  1.00000
 1493360  1042.19  1572.68     0.00  99999.0  99999.0  1572.68     0.00  1.00000
 1493849  1041.90  1571.42     0.00  99999.0  99999.0  1571.42     0.00  1.00000
 1494337  1041.62  1570.16     0.00  99999.0  99999.0  1570.16     0.00  1.00000
 1494826  1041.34  1568.90     0.00  99999.0  99999.0  1568.90     0.00  1.00000
 1495315  1041.04  1567.63     0.00  99999.0  99999.0  1567.63     0.00  1.00000
 1495803  1040.76  1566.37     0.00  99999.0  99999.0  1566.37     0.00  1.00000
 1496292  1040.48  1565.12     0.00  99999.0  99999.0  1565.12     0.00  1.00000
 1496781  1040.18  1563.86     0.00  99999.0  99999.0  1563.86     0.00  1.00000
 1497269  1039.90  1562.61     0.00  99999.0  99999.0  1562.61     0.00  1.00000
 1497758  1039.61  1561.35     0.00  99999.0  99999.0  1561.35     0.00  1.00000
 1498247  1039.32  1560.10     0.00  99999.0  99999.0  1560.10     0.00  1.00000
 1498736  1039.03  1558.85     0.00  99999.0  99999.0  1558.85     0.00  1.00000
 1499224  1038.74  1557.60     0.00  99999.0  99999.0  1557.60     0.00  1.00000
 1499713  1038.45  1556.35     0.00  99999.0  99999.0  1556.35     0.00  1.00000
 1500202  1038.16  1555.10     0.00  99999.0  99999.0  1555.10     0.00  1.00000
 1500690  1037.87  1553.86     0.00  99999.0  99999.0  1553.86     0.00  1.00000
 1501179  1037.58  1552.62     0.00  99999.0  99999.0  1552.62     0.00  1.00000
 1501668  1037.29  1551.37     0.00  99999.0  99999.0  1551.37     0.00  1.00000
 1502156  1037.00  1550.13     0.00  99999.0  99999.0  1550.13     0.00  1.00000
 1502645  1036.71  1548.90     0.00  99999.0  99999.0  1548.90     0.00  1.00000
 1503134  1036.42  1547.65     0.00  99999.0  99999.0  1547.65     0.00  1.00000
 1503622  1036.13  1546.42     0.00  99999.0  99999.0  1546.42     0.00  1.00000
 1504111  1035.83  1545.18     0.00  99999.0  99999.0  1545.18     0.00  1.00000
 1504600  1035.54  1543.95     0.00  99999.0  99999.0  1543.95     0.00  1.00000
 1505089  1035.26  1542.72     0.00  99999.0  99999.0  1542.72     0.00  1.00000
 1505577  1034.96  1541.49     0.00  99999.0  99999.0  1541.49     0.00  1.00000
 1506066  1034.67  1540.25     0.00  99999.0  99999.0  1540.25     0.00  1.00000
 1506555  1034.38  1539.03     0.00  99999.0  99999.0  1539.03     0.00  1.00000
 1507043  1034.08  1537.80     0.00  99999.0  99999.0  1537.80     0.00  1.00000
 1507532  1033.79  1536.58     0.00  99999.0  99999.0  1536.58     0.00  1.00000
 1508021  1033.50  1535.36     0.00  99999.0  99999.0  1535.36     0.00  1.00000
 1508509  1033.20  1534.14     0.00  99999.0  99999.0  1534.14     0.00  1.00000
 1508998  1032.91  1532.91     0.00  99999.0  99999.0  1532.91     0.00  1.00000
 1509487  1032.61  1531.69     0.00  99999.0  99999.0  1531.69     0.00  1.00000
 1509976  1032.31  1530.48     0.00  99999.0  99999.0  1530.48     0.00  1.00000
 1510464  1032.02  1529.27     0.00  99999.0  99999.0  1529.27     0.00  1.00000
 1510953  1031.73  1528.06     0.00  99999.0  99999.0  1528.06     0.00  1.00000
 1511442  1031.44  1526.84     0.00  99999.0  99999.0  1526.84     0.00  1.00000
 1511930  1031.13  1525.63     0.00  99999.0  99999.0  1525.63     0.00  1.00000
 1512419  1030.84  1524.42     0.00  99999.0  99999.0  1524.42     0.00  1.00000
 1512908  1030.55  1523.22     0.00  99999.0  99999.0  1523.22     0.00  1.00000
 1513396  1030.25  1522.01     0.00  99999.0  99999.0  1522.01     0.00  1.00000
 1513885  1029.95  1520.80     0.00  99999.0  99999.0  1520.80     0.00  1.00000
 1514374  1029.66  1519.61     0.00  99999.0  99999.0  1519.61     0.00  1.00000
 1514862  1029.36  1518.40     0.00  99999.0  99999.0  1518.40     0.00  1.00000
 1515351  1029.06  1517.21     0.00  99999.0  99999.0  1517.21     0.00  1.00000
 1515840  1028.77  1516.01     0.00  99999.0  99999.0  1516.01     0.00  1.00000
 1516329  1028.46  1514.82     0.00  99999.0  99999.0  1514.82     0.00  1.00000
 1516817  1028.17  1513.63     0.00  99999.0  99999.0  1513.63     0.00  1.00000
 1517306  1027.87  1512.43     0.00  99999.0  99999.0  1512.43     0.00  1.00000
 1517795  1027.57  1511.24     0.00  99999.0  99999.0  1511.24     0.00  1.00000
 1518283  1027.27  1510.06     0.00  99999.0  99999.0  1510.06     0.00  1.00000
 1518772  1026.98  1508.87     0.00  99999.0  99999.0  1508.87     0.00  1.00000
 1519261  1026.67  1507.68     0.00  99999.0  99999.0  1507.68     0.00  1.00000
 1519749  1026.37  1506.50     0.00  99999.0  99999.0  1506.50     0.00  1.00000
 1520238  1026.08  1505.32     0.00  99999.0  99999.0  1505.32     0.00  1.00000
 1520727  1025.77  1504.15     0.00  99999.0  99999.0  1504.15     0.00  1.00000
 1521215  1025.47  1502.96     0.00  99999.0  99999.0  1502.96     0.00  1.00000
 1521704  1025.17  1501.79     0.00  99999.0  99999.0  1501.79     0.00  1.00000
 1522193  1024.87  1500.62     0.00  99999.0  99999.0  1500.62     0.00  1.00000
 1522682  1024.57  1499.44     0.00  99999.0  99999.0  1499.44     0.00  1.00000
 1523170  1024.27  1498.27     0.00  99999.0  99999.0  1498.27     0.00  1.00000
 1523659  1023.96  1497.11     0.00  99999.0  99999.0  1497.11     0.00  1.00000
 1524148  1023.67  1495.94     0.00  99999.0  99999.0  1495.94     0.00  1.00000
 1524636  1023.36  1494.77     0.00  99999.0  99999.0  1494.77     0.00  1.00000
 1525125  1023.07  1493.62     0.00  99999.0  99999.0  1493.62     0.00  1.00000
 1525125   923.69  3886.10  1975.00  99999.0      5.7  3886.10  1975.00  1.00000
 1525258   923.67  3885.98  1974.94  99999.0      5.7  3885.98  1974.94  1.00000
 1525392   923.66  3885.86  1974.87  99999.0      5.7  3885.86  1974.87  1.00000
 1525525   923.64  3885.74  1974.81  99999.0      5.7  3885.74  1974.81  1.00000
 1525658   923.62  3885.61  1974.74  99999.0      5.7  3885.61  1974.74  1.00000
 1525792   923.61  3885.48  1974.68  99999.0      5.7  3885.48  1974.68  1.00000
 1525925   923.59  3885.36  1974.62  99999.0      5.7  3885.36  1974.62  1.00000
 1526059   923.57  3885.23  1974.55  99999.0      5.7  3885.23  1974.55  1.00000
 1526192   923.56  3885.11  1974.49  99999.0      5.7  3885.11  1974.49  1.00000
 1526325   923.54  3884.98  1974.42  99999.0      5.7  3884.98  1974.42  1.00000
 1526459   923.52  3884.85  1974.36  99999.0      5.7  3884.85  1974.36  1.00000
 1526592   923.51  3884.73  1974.30  99999.0      5.7  3884.73  1974.30  1.00000
 1526725   923.49  3884.60  1974.24  99999.0      5.7  3884.60  1974.24  1.00000
 1526859   923.47  3884.48  1974.18  99999.0      5.7  3884.48  1974.18  1.00000
 1526992   923.45  3884.35  1974.11  99999.0      5.7  3884.35  1974.11  1.00000
 1527125   923.44  3884.22  1974.05  99999.0      5.7  3884.22  1974.05  1.00000
 1527259   923.42  3884.10  1973.99  99999.0      5.7  3884.10  1973.99  1.00000
 1527392   923.40  3883.97  1973.92  99999.0      5.7  3883.97  1973.92  1.00000
 1527526   923.39  3883.85  1973.86  99999.0      5.7  3883.85  1973.86  1.00000
 1527659   923.37  3883.72  1973.79  99999.0      5.7  3883.72  1973.79  1.00000
 1527792   923.35  3883.60  1973.73  99999.0      5.7  3883.60  1973.73  1.00000
 1527926   923.34  3883.47  1973.67  99999.0      5.7  3883.47  1973.67  1.00000
 1528059   923.32  3883.35  1973.60  99999.0      5.7  3883.35  1973.60  1.00000
 1528192   923.30  3883.22  1973.54  99999.0      5.7  3883.22  1973.54  1.00000
 1528326   923.29  3883.10  1973.47  99999.0      5.7  3883.10  1973.47  1.00000
 1528459   923.27  3882.97  1973.41  99999.0      5.7  3882.97  1973.41  1.00000
 1528592   923.25  3882.84  1973.35  99999.0      5.7  3882.84  1973.35  1.00000
 1528726   923.24  3882.71  1973.28  99999.0      5.7  3882.71  1973.28  1.00000
 1528859   923.22  3882.59  1973.22  99999.0      5.7  3882.59  1973.22  1.00000
 1528992   923.20  3882.47  1973.15  99999.0      5.7  3882.47  1973.15  1.00000
 1529126   923.19  3882.34  1973.09  99999.0      5.7  3882.34  1973.09  1.00000
 1529259   923.17  3882.21  1973.03  99999.0      5.7  3882.21  1973.03  1.00000
 1529393   923.15  3882.09  1972.96  99999.0      5.7  3882.09  1972.96  1.00000
 1529526   923.14  3881.97  1972.90  99999.0      5.7  3881.97  1972.90  1.00000
 1529659   923.12  3881.84  1972.83  99999.0      5.7  3881.84  1972.83  1.00000
 1529793   923.10  3881.71  1972.77  99999.0      5.7  3881.71  1972.77  1.00000
 1529926   923.09  3881.59  1972.71  99999.0      5.7  3881.59  1972.71  1.00000
 1530059   923.07  3881.46  1972.64  99999.0      5.7  3881.46  1972.64  1.00000
 1530193   923.05  3881.33  1972.58  99999.0      5.7  3881.33  1972.58  1.00000
 1530326   923.04  3881.21  1972.51  99999.0      5.7  3881.21  1972.51  1.00000
 1530459   923.02  3881.09  1972.45  99999.0      5.7  3881.09  1972.45  1.00000
 1530593   923.00  3880.96  1972.39  99999.0      5.7  3880.96  1972.39  1.00000
 1530726   922.99  3880.83  1972.32  99999.0      5.7  3880.83  1972.32  1.00000
 1530860   922.97  3880.71  1972.26  99999.0      5.7  3880.71  1972.26  1.00000
 1530993   922.95  3880.59  1972.19  99999.0      5.7  3880.59  1972.19  1.00000
 1531126   922.94  3880.46  1972.13  99999.0      5.7  3880.46  1972.13  1.00000
 1531260   922.92  3880.33  1972.07  99999.0      5.7  3880.33  1972.07  1.00000
 1531393   922.90  3880.20  1972.00  99999.0      5.7  3880.20  1972.00  1.00000
 1531526   922.89  3880.08  1971.94  99999.0      5.7  3880.08  1971.94  1.00000
 1531660   922.87  3879.95  1971.87  99999.0      5.7  3879.95  1971.87  1.00000
 1531793   922.85  3879.83  1971.81  99999.0      5.7  3879.83  1971.81  1.00000
 1531926   922.84  3879.70  1971.75  99999.0      5.7  3879.70  1971.75  1.00000
 1532060   922.82  3879.57  1971.68  99999.0      5.7  3879.57  1971.68  1.00000
 1532193   922.80  3879.45  1971.62  99999.0      5.7  3879.45  1971.62  1.00000
 1532327   922.79  3879.33  1971.55  99999.0      5.7  3879.33  1971.55  1.00000
 1532460   922.77  3879.20  1971.49  99999.0      5.7  3879.20  1971.49  1.00000
 1532593   922.75  3879.07  1971.43  99999.0      5.7  3879.07  1971.43  1.00000
 1532727   922.74  3878.95  1971.36  99999.0      5.7  3878.95  1971.36  1.00000
 1532860   922.72  3878.82  1971.30  99999.0      5.7  3878.82  1971.30  1.00000
 1532993   922.70  3878.70  1971.23  99999.0      5.7  3878.70  1971.23  1.00000
 1533127   922.69  3878.57  1971.17  99999.0      5.7  3878.57  1971.17  1.00000
 1533260   922.67  3878.45  1971.11  99999.0      5.7  3878.45  1971.11  1.00000
 1533393   922.65  3878.32  1971.05  99999.0      5.7  3878.32  1971.05  1.00000
 1533527   922.64  3878.20  1970.99  99999.0      5.7  3878.20  1970.99  1.00000
 1533660   922.62  3878.07  1970.92  99999.0      5.7  3878.07  1970.92  1.00000
 1533793   922.60  3877.95  1970.86  99999.0      5.7  3877.95  1970.86  1.00000
 1533927   922.59  3877.82  1970.80  99999.0      5.7  3877.82  1970.80  1.00000
 1534060   922.57  3877.69  1970.73  99999.0      5.7  3877.69  1970.73  1.00000
 1534194   922.55  3877.57  1970.67  99999.0      5.7  3877.57  1970.67  1.00000
 1534327   922.54  3877.45  1970.60  99999.0      5.7  3877.45  1970.60  1.00000
 1534460   922.52  3877.32  1970.54  99999.0      5.7  3877.32  1970.54  1.00000
 1534594   922.50  3877.19  1970.48  99999.0      5.7  3877.19  1970.48  1.00000
 1534727   922.48  3877.07  1970.41  99999.0      5.7  3877.07  1970.41  1.00000
 1534860   922.47  3876.94  1970.35  99999.0      5.7  3876.94  1970.35  1.00000
 1534994   922.45  3876.82  1970.28  99999.0      5.7  3876.82  1970.28  1.00000
 1535127   922.43  3876.69  1970.22  99999.0      5.7  3876.69  1970.22  1.00000
 1535260   922.42  3876.57  1970.15  99999.0      5.7  3876.57  1970.15  1.00000
 1535394   922.40  3876.44  1970.09  99999.0      5.7  3876.44  1970.09  1.00000
 1535527   922.38  3876.31  1970.03  99999.0      5.7  3876.31  1970.03  1.00000
 1535661   922.37  3876.19  1969.96  99999.0      5.7  3876.19  1969.96  1.00000
 1535794   922.35  3876.07  1969.90  99999.0      5.7  3876.07  1969.90  1.00000
 1535927   922.34  3875.94  1969.83  99999.0      5.7  3875.94  1969.83  1.00000
 1536061   922.32  3875.81  1969.77  99999.0      5.7  3875.81  1969.77  1.00000
 1536194   922.30  3875.69  1969.71  99999.0      5.7  3875.69  1969.71  1.00000
 1536327   922.28  3875.57  1969.64  99999.0      5.7  3875.57  1969.64  1.00000
 1536461   922.27  3875.44  1969.58  99999.0      5.7  3875.44  1969.58  1.00000
 1536594   922.25  3875.31  1969.51  99999.0      5.7  3875.31  1969.51  1.00000
 1536727   922.23  3875.19  1969.45  99999.0      5.7  3875.19  1969.45  1.00000
 1536861   922.22  3875.06  1969.39  99999.0      5.7  3875.06  1969.39  1.00000
 1536994   922.20  3874.94  1969.32  99999.0      5.7  3874.94  1969.32  1.00000
 1537128   922.18  3874.81  1969.26  99999.0      5.7  3874.81  1969.26  1.00000
 1537261   922.17  3874.69  1969.19  99999.0      5.7  3874.69  1969.19  1.00000
 1537394   922.15  3874.56  1969.13  99999.0      5.7  3874.56  1969.13  1.00000
 1537528   922.13  3874.43  1969.07  99999.0      5.7  3874.43  1969.07  1.00000
 1537661   922.12  3874.31  1969.01  99999.0      5.7  3874.31  1969.01  1.00000
 1537794   922.10  3874.19  1968.95  99999.0      5.7  3874.19  1968.95  1.00000
 1537928   922.08  3874.07  1968.89  99999.0      5.7  3874.07  1968.89  1.00000
 1538061   922.07  3873.94  1968.82  99999.0      5.7  3873.94  1968.82  1.00000
 1538194   922.05  3873.81  1968.76  99999.0      5.7  3873.81  1968.76  1.00000
 1538328   922.03  3873.69  1968.69  99999.0      5.7  3873.69  1968.69  1.00000
 1538461   922.02  3873.57  1968.63  99999.0      5.7  3873.57  1968.63  1.00000
 1538594   922.00  3873.44  1968.56  99999.0      5.7  3873.44  1968.56  1.00000
 1538728   921.98  3873.31  1968.50  99999.0      5.7  3873.31  1968.50  1.00000
 1538861   921.97  3873.19  1968.44  99999.0      5.7  3873.19  1968.44  1.00000
 1538995   921.95  3873.07  1968.37  99999.0      5.7  3873.07  1968.37  1.00000
 1539128   921.93  3872.94  1968.31  99999.0      5.7  3872.94  1968.31  1.00000
 1539261   921.92  3872.81  1968.24  99999.0      5.7  3872.81  1968.24  1.00000
 1539395   921.90  3872.69  1968.18  99999.0      5.7  3872.69  1968.18  1.00000
 1539528   921.88  3872.56  1968.12  99999.0      5.7  3872.56  1968.12  1.00000
 1539661   921.87  3872.43  1968.05  99999.0      5.7  3872.43  1968.05  1.00000
 1539795   921.85  3872.31  1967.99  99999.0      5.7  3872.31  1967.99  1.00000
 1539928   921.83  3872.19  1967.92  99999.0      5.7  3872.19  1967.92  1.00000
 1540061   921.82  3872.06  1967.86  99999.0      5.7  3872.06  1967.86  1.00000
 1540195   921.80  3871.93  1967.80  99999.0      5.7  3871.93  1967.80  1.00000
 1540328   921.78  3871.81  1967.73  99999.0      5.7  3871.81  1967.73  1.00000
 1540462   921.77  3871.69  1967.67  99999.0      5.7  3871.69  1967.67  1.00000
 1540595   921.75  3871.56  1967.60  99999.0      5.7  3871.56  1967.60  1.00000
 1540728   921.73  3871.43  1967.54  99999.0      5.7  3871.43  1967.54  1.00000
 1540862   921.72  3871.31  1967.48  99999.0      5.7  3871.31  1967.48  1.00000
 1540995   921.70  3871.18  1967.42  99999.0      5.7  3871.18  1967.42  1.00000
 1541128   921.68  3871.06  1967.36  99999.0      5.7  3871.06  1967.36  1.00000
 1541262   921.67  3870.94  1967.29  99999.0      5.7  3870.94  1967.29  1.00000
 1541395   921.65  3870.81  1967.23  99999.0      5.7  3870.81  1967.23  1.00000
 1541528   921.63  3870.68  1967.17  99999.0      5.7  3870.68  1967.17  1.00000
 1541662   921.62  3870.56  1967.10  99999.0      5.7  3870.56  1967.10  1.00000
 1541795   921.60  3870.44  1967.04  99999.0      5.7  3870.44  1967.04  1.00000
 1541929   921.58  3870.31  1966.97  99999.0      5.7  3870.31  1966.97  1.00000
 1542062   921.57  3870.18  1966.91  99999.0      5.7  3870.18  1966.91  1.00000
 1542195   921.55  3870.06  1966.85  99999.0      5.7  3870.06  1966.85  1.00000
 1542329   921.53  3869.93  1966.78  99999.0      5.7  3869.93  1966.78  1.00000
 1542462   921.52  3869.81  1966.72  99999.0      5.7  3869.81  1966.72  1.00000
 1542595   921.50  3869.68  1966.65  99999.0      5.7  3869.68  1966.65  1.00000
 1542729   921.48  3869.56  1966.59  99999.0      5.7  3869.56  1966.59  1.00000
 1542862   921.47  3869.44  1966.53  99999.0      5.7  3869.44  1966.53  1.00000
 1542995   921.45  3869.31  1966.46  99999.0      5.7  3869.31  1966.46  1.00000
 1543129   921.43  3869.19  1966.40  99999.0      5.7  3869.19  1966.40  1.00000
 1543262   921.42  3869.06  1966.33  99999.0      5.7  3869.06  1966.33  1.00000
 1543395   921.40  3868.94  1966.28  99999.0      5.7  3868.94  1966.28  1.00000
 1543529   921.38  3868.81  1966.22  99999.0      5.7  3868.81  1966.22  1.00000
 1543662   921.37  3868.68  1966.15  99999.0      5.7  3868.68  1966.15  1.00000
 1543796   921.35  3868.56  1966.09  99999.0      5.7  3868.56  1966.09  1.00000
 1543929   921.33  3868.44  1966.02  99999.0      5.7  3868.44  1966.02  1.00000
 1544062   921.32  3868.31  1965.96  99999.0      5.7  3868.31  1965.96  1.00000
 1544196   921.30  3868.18  1965.90  99999.0      5.7  3868.18  1965.90  1.00000
 1544329   921.29  3868.06  1965.83  99999.0      5.7  3868.06  1965.83  1.00000
 1544462   921.27  3867.93  1965.77  99999.0      5.7  3867.93  1965.77  1.00000
 1544596   921.25  3867.81  1965.70  99999.0      5.7  3867.81  1965.70  1.00000
 1544729   921.23  3867.69  1965.64  99999.0      5.7  3867.69  1965.64  1.00000
 1544862   921.22  3867.56  1965.58  99999.0      5.7  3867.56  1965.58  1.00000
 1544996   921.20  3867.43  1965.51  99999.0      5.7  3867.43  1965.51  1.00000
 1545129   921.18  3867.31  1965.45  99999.0      5.7  3867.31  1965.45  1.00000
 1545263   921.17  3867.19  1965.38  99999.0      5.7  3867.19  1965.38  1.00000
 1545396   921.15  3867.06  1965.32  99999.0      5.7  3867.06  1965.32  1.00000
 1545529   921.14  3866.93  1965.26  99999.0      5.7  3866.93  1965.26  1.00000
 1545663   921.12  3866.81  1965.19  99999.0      5.7  3866.81  1965.19  1.00000
 1545796   921.10  3866.69  1965.13  99999.0      5.7  3866.69  1965.13  1.00000
 1545929   921.08  3866.57  1965.07  99999.0      5.7  3866.57  1965.07  1.00000
 1546063   921.07  3866.44  1965.01  99999.0      5.7  3866.44  1965.01  1.00000
 1546196   921.05  3866.31  1964.95  99999.0      5.7  3866.31  1964.95  1.00000
 1546329   921.04  3866.19  1964.88  99999.0      5.7  3866.19  1964.88  1.00000
 1546463   921.02  3866.06  1964.82  99999.0      5.7  3866.06  1964.82  1.00000
 1546596   921.00  3865.94  1964.75  99999.0      5.7  3865.94  1964.75  1.00000
 1546730   920.99  3865.82  1964.69  99999.0      5.7  3865.82  1964.69  1.00000
 1546863   920.97  3865.69  1964.63  99999.0      5.7  3865.69  1964.63  1.00000
 1546996   920.95  3865.56  1964.56  99999.0      5.7  3865.56  1964.56  1.00000
 1547130   920.94  3865.44  1964.50  99999.0      5.7  3865.44  1964.50  1.00000
 1547263   920.92  3865.32  1964.43  99999.0      5.7  3865.32  1964.43  1.00000
 1547396   920.90  3865.19  1964.37  99999.0      5.7  3865.19  1964.37  1.00000
 1547530   920.89  3865.06  1964.31  99999.0      5.7  3865.06  1964.31  1.00000
 1547663   920.87  3864.94  1964.24  99999.0      5.7  3864.94  1964.24  1.00000
 1547796   920.85  3864.82  1964.18  99999.0      5.7  3864.82  1964.18  1.00000
 1547930   920.84  3864.70  1964.11  99999.0      5.7  3864.70  1964.11  1.00000
 1548063   920.82  3864.57  1964.05  99999.0      5.7  3864.57  1964.05  1.00000
 1548196   920.80  3864.44  1963.99  99999.0      5.7  3864.44  1963.99  1.00000
 1548330   920.79  3864.32  1963.93  99999.0      5.7  3864.32  1963.93  1.00000
 1548463   920.77  3864.19  1963.87  99999.0      5.7  3864.19  1963.87  1.00000
 1548597   920.75  3864.07  1963.80  99999.0      5.7  3864.07  1963.80  1.00000
 1548730   920.74  3863.95  1963.74  99999.0      5.7  3863.95  1963.74  1.00000
 1548863   920.72  3863.82  1963.68  99999.0      5.7  3863.82  1963.68  1.00000
 1548997   920.70  3863.69  1963.61  99999.0      5.7  3863.69  1963.61  1.00000
 1549130   920.69  3863.57  1963.55  99999.0      5.7  3863.57  1963.55  1.00000
 1549263   920.67  3863.45  1963.48  99999.0      5.7  3863.45  1963.48  1.00000
 1549397   920.65  3863.32  1963.42  99999.0      5.7  3863.32  1963.42  1.00000
 1549530   920.64  3863.19  1963.36  99999.0      5.7  3863.19  1963.36  1.00000
 1549663   920.62  3863.07  1963.29  99999.0      5.7  3863.07  1963.29  1.00000
 1549797   920.60  3862.95  1963.23  99999.0      5.7  3862.95  1963.23  1.00000
 1549930   920.59  3862.82  1963.16  99999.0      5.7  3862.82  1963.16  1.00000
 1550064   920.57  3862.70  1963.10  99999.0      5.7  3862.70  1963.10  1.00000
 1550197   920.55  3862.57  1963.04  99999.0      5.7  3862.57  1963.04  1.00000
 1550330   920.54  3862.45  1962.98  99999.0      5.7  3862.45  1962.98  1.00000
 1550464   920.52  3862.32  1962.92  99999.0      5.7  3862.32  1962.92  1.00000
 1550597   920.50  3862.20  1962.85  99999.0      5.7  3862.20  1962.85  1.00000
 1550730   920.49  3862.08  1962.79  99999.0      5.7  3862.08  1962.79  1.00000
 1550864   920.47  3861.95  1962.73  99999.0      5.7  3861.95  1962.73  1.00000
 1550997   920.45  3861.82  1962.66  99999.0      5.7  3861.82  1962.66  1.00000
 1551130   920.44  3861.70  1962.60  99999.0      5.7  3861.70  1962.60  1.00000
 1551264   920.42  3861.58  1962.53  99999.0      5.7  3861.58  1962.53  1.00000
 1551397   920.40  3861.46  1962.47  99999.0      5.7  3861.46  1962.47  1.00000
 1551531   920.39  3861.33  1962.41  99999.0      5.7  3861.33  1962.41  1.00000
 1551664   920.37  3861.20  1962.34  99999.0      5.7  3861.20  1962.34  1.00000
 1551797   920.36  3861.08  1962.28  99999.0      5.7  3861.08  1962.28  1.00000
 1551931   920.34  3860.95  1962.22  99999.0      5.7  3860.95  1962.22  1.00000
 1552064   920.32  3860.83  1962.16  99999.0      5.7  3860.83  1962.16  1.00000
 1552197   920.30  3860.71  1962.10  99999.0      5.7  3860.71  1962.10  1.00000
 1552331   920.29  3860.58  1962.03  99999.0      5.7  3860.58  1962.03  1.00000
 1552464   920.27  3860.45  1961.97  99999.0      5.7  3860.45  1961.97  1.00000
 1552597   920.25  3860.33  1961.90  99999.0      5.7  3860.33  1961.90  1.00000
 1552731   920.24  3860.21  1961.84  99999.0      5.7  3860.21  1961.84  1.00000
 1552864   920.22  3860.09  1961.78  99999.0      5.7  3860.09  1961.78  1.00000
 1552997   920.21  3859.96  1961.71  99999.0      5.7  3859.96  1961.71  1.00000
 1553131   920.19  3859.83  1961.65  99999.0      5.7  3859.83  1961.65  1.00000
 1553264   920.17  3859.71  1961.58  99999.0      5.7  3859.71  1961.58  1.00000
 1553398   920.16  3859.58  1961.52  99999.0      5.7  3859.58  1961.52  1.00000
 1553531   920.14  3859.46  1961.46  99999.0      5.7  3859.46  1961.46  1.00000
 1553664   920.12  3859.34  1961.40  99999.0      5.7  3859.34  1961.40  1.00000
 1553798   920.11  3859.21  1961.34  99999.0      5.7  3859.21  1961.34  1.00000
 1553931   920.09  3859.09  1961.27  99999.0      5.7  3859.09  1961.27  1.00000
 1554064   920.07  3858.96  1961.21  99999.0      5.7  3858.96  1961.21  1.00000
 1554198   920.06  3858.84  1961.15  99999.0      5.7  3858.84  1961.15  1.00000
 1554331   920.04  3858.72  1961.08  99999.0      5.7  3858.72  1961.08  1.00000
 1554464   920.02  3858.59  1961.02  99999.0      5.7  3858.59  1961.02  1.00000
 1554598   920.01  3858.47  1960.95  99999.0      5.7  3858.47  1960.95  1.00000
 1554731   919.99  3858.35  1960.89  99999.0      5.7  3858.35  1960.89  1.00000
 1554865   919.97  3858.22  1960.82  99999.0      5.7  3858.22  1960.82  1.00000
 1554998   919.96  3858.09  1960.76  99999.0      5.7  3858.09  1960.76  1.00000
 1555131   919.94  3857.97  1960.70  99999.0      5.7  3857.97  1960.70  1.00000
 1555265   919.92  3857.85  1960.64  99999.0      5.7  3857.85  1960.64  1.00000
 1555398   919.91  3857.72  1960.58  99999.0      5.7  3857.72  1960.58  1.00000
 1555531   919.89  3857.60  1960.51  99999.0      5.7  3857.60  1960.51  1.00000
 1555665   919.87  3857.47  1960.45  99999.0      5.7  3857.47  1960.45  1.00000
 1555798   919.86  3857.35  1960.39  99999.0      5.7  3857.35  1960.39  1.00000
 1555931   919.84  3857.22  1960.32  99999.0      5.7  3857.22  1960.32  1.00000
 1556065   919.82  3857.10  1960.26  99999.0      5.7  3857.10  1960.26  1.00000
 1556198   919.81  3856.98  1960.19  99999.0      5.7  3856.98  1960.19  1.00000
 1556332   919.79  3856.85  1960.13  99999.0      5.7  3856.85  1960.13  1.00000
 1556465   919.77  3856.72  1960.07  99999.0      5.7  3856.72  1960.07  1.00000
 1556598   919.76  3856.60  1960.01  99999.0      5.7  3856.60  1960.01  1.00000
 1556732   919.74  3856.48  1959.95  99999.0      5.7  3856.48  1959.95  1.00000
 1556865   919.72  3856.35  1959.89  99999.0      5.7  3856.35  1959.89  1.00000
 1556998   919.71  3856.23  1959.82  99999.0      5.7  3856.23  1959.82  1.00000
 1557132   919.69  3856.11  1959.76  99999.0      5.7  3856.11  1959.76  1.00000
 1557265   919.68  3855.99  1959.69  99999.0      5.7  3855.99  1959.69  1.00000
 1557398   919.66  3855.86  1959.63  99999.0      5.7  3855.86  1959.63  1.00000
 1557532   919.64  3855.73  1959.56  99999.0      5.7  3855.73  1959.56  1.00000
 1557665   919.63  3855.61  1959.50  99999.0      5.7  3855.61  1959.50  1.00000
 1557798   919.61  3855.49  1959.44  99999.0      5.7  3855.49  1959.44  1.00000
 1557932   919.59  3855.36  1959.37  99999.0      5.7  3855.36  1959.37  1.00000
 1558065   919.58  3855.24  1959.31  99999.0      5.7  3855.24  1959.31  1.00000
 1558199   919.56  3855.12  1959.25  99999.0      5.7  3855.12  1959.25  1.00000
 1558332   919.54  3854.99  1959.19  99999.0      5.7  3854.99  1959.19  1.00000
 1558465   919.53  3854.86  1959.13  99999.0      5.7  3854.86  1959.13  1.00000
 1558599   919.51  3854.74  1959.06  99999.0      5.7  3854.74  1959.06  1.00000
 1558732   919.49  3854.62  1959.00  99999.0      5.7  3854.62  1959.00  1.00000
 1558865   919.48  3854.49  1958.93  99999.0      5.7  3854.49  1958.93  1.00000
 1558999   919.46  3854.37  1958.87  99999.0      5.7  3854.37  1958.87  1.00000
 1559132   919.44  3854.22  1958.79  99999.0      5.7  3854.22  1958.79  1.00000
 1559265   919.44  3854.36  1958.86  99999.0      5.8  3854.36  1958.86  1.00000
 1559399   920.24  3868.37  1965.98  99999.0      6.4  3868.37  1965.98  1.00000
 1559532   921.03  3882.55  1973.19  99999.0      7.2  3882.55  1973.19  1.00000
 1559666   921.43  3889.78  1976.87  99999.0      7.7  3889.78  1976.87  1.00000
 1559799   921.81  3896.77  1980.42  99999.0      8.1  3896.77  1980.42  1.00000
 1559932   922.20  3904.08  1984.14  99999.0      8.7  3904.08  1984.14  1.00000
 1560066   922.59  3911.38  1987.84  99999.0      9.3  3911.38  1987.84  1.00000
 1560199   922.98  3918.65  1991.54  99999.0     10.0  3918.65  1991.54  1.00000
 1560332   923.36  3925.89  1995.23  99999.0     10.7  3925.89  1995.23  1.00000
 1560466   923.74  3933.12  1998.90  99999.0     11.6  3933.12  1998.90  1.00000
 1560599   924.12  3940.31  2002.55  99999.0     12.5  3940.31  2002.55  1.00000
 1560732   924.49  3947.46  2006.18  99999.0     13.5  3947.46  2006.18  1.00000
 1560866   924.86  3954.57  2009.80  99999.0     14.7  3954.57  2009.80  1.00000
 1560999   925.22  3961.64  2013.39  99999.0     16.0  3961.64  2013.39  1.00000
 1561133   925.57  3968.65  2016.95  99999.0     17.5  3968.65  2016.95  1.00000
 1561266   925.93  3975.59  2020.48  99999.0     19.1  3975.59  2020.48  1.00000
 1561399   926.27  3982.48  2023.98  99999.0     21.0  3982.48  2023.98  1.00000
 1561533   926.61  3989.29  2027.44  99999.0     23.2  3989.29  2027.44  1.00000
 1561666   926.95  3996.03  2030.87  99999.0     25.7  3996.03  2030.87  1.00000
 1561799   927.27  4002.68  2034.25  99999.0     28.5  4002.68  2034.25  1.00000
 1561933   927.60  4009.24  2037.58  99999.0     31.8  4009.24  2037.58  1.00000
 1562066   927.91  4015.71  2040.87  99999.0     35.6  4015.71  2040.87  1.00000
 1562199   928.22  4022.08  2044.11  99999.0     40.1  4022.08  2044.11  1.00000
 1562333   928.52  4028.34  2047.29  99999.0     45.3  4028.34  2047.29  1.00000
 1562466   928.81  4034.49  2050.41  99999.0     51.5  4034.49  2050.41  1.00000
 1562599   929.10  4040.51  2053.47  99999.0     58.9  4040.51  2053.47  1.00000
 1562733   929.38  4046.41  2056.47  99999.0     67.7  4046.41  2056.47  1.00000
 1562866   929.65  4052.18  2059.40  99999.0     78.3  4052.18  2059.40  1.00000
 1563000   929.91  4057.80  2062.26  99999.0     91.2  4057.80  2062.26  1.00000
 1563133   930.16  4063.29  2065.05  99999.0    106.9  4063.29  2065.05  1.00000
 1563266   930.41  4068.62  2067.77  99999.0    126.2  4068.62  2067.77  1.00000
 1563400   930.64  4073.81  2070.40  99999.0    150.3  4073.81  2070.40  1.00000
 1563533   930.87  4078.83  2072.94  99999.0    180.5  4078.83  2072.94  1.00000
 1563666   931.09  4083.68  2075.42  99999.0    219.0  4083.68  2075.42  1.00000
 1563800   931.30  4088.37  2077.80  99999.0    268.0  4088.37  2077.80  1.00000
 1563933   931.49  4092.89  2080.09  99999.0    332.3  4092.89  2080.09  1.00000
 1564066   931.68  4097.21  2082.29  99999.0    415.8  4097.21  2082.29  1.00000
 1564200   931.86  4101.36  2084.40  99999.0    528.2  4101.36  2084.40  1.00000
 1564333   932.03  4105.32  2086.42  99999.0    678.7  4105.32  2086.42  1.00000
 1564467   932.19  4109.10  2088.34  99999.0    887.6  4109.10  2088.34  1.00000
 1564600   932.33  4112.67  2090.15  99999.0   1177.8  4112.67  2090.15  1.00000
 1564733   932.47  4116.06  2091.87  99999.0   1593.8  4116.06  2091.87  1.00000
 1564867   932.60  4119.25  2093.49  99999.0   2219.4  4119.25  2093.49  1.00000
 1565000   932.72  4122.24  2095.01  99999.0   3095.0  4122.24  2095.01  1.00000
