aicehot_20km_prem.txt
  1    1.000000  1
800 300 500 0
       0  8164.82  5218.97  2751.72  99999.0  10000.0  5218.97  2751.72  1.00000
    4812  8164.80  5218.96  2751.72  99999.0  10000.0  5218.96  2751.72  1.00000
    9625  8164.73  5218.93  2751.70  99999.0  10000.0  5218.93  2751.70  1.00000
   14437  8164.63  5218.87  2751.67  99999.0  10000.0  5218.87  2751.67  1.00000
   19249  8164.48  5218.79  2751.64  99999.0  10000.0  5218.79  2751.64  1.00000
   24061  8164.30  5218.69  2751.59  99999.0  10000.0  5218.69  2751.59  1.00000
   28874  8164.08  5218.56  2751.54  99999.0  10000.0  5218.56  2751.54  1.00000
   33686  8163.80  5218.42  2751.47  99999.0  10000.0  5218.42  2751.47  1.00000
   38498  8163.49  5218.26  2751.39  99999.0  10000.0  5218.26  2751.39  1.00000
   43311  8163.15  5218.07  2751.31  99999.0  10000.0  5218.07  2751.31  1.00000
   48123  8162.75  5217.86  2751.21  99999.0  10000.0  5217.86  2751.21  1.00000
   52935  8162.33  5217.62  2751.10  99999.0  10000.0  5217.62  2751.10  1.00000
   57747  8161.85  5217.36  2750.98  99999.0  10000.0  5217.36  2750.98  1.00000
   62560  8161.33  5217.09  2750.85  99999.0  10000.0  5217.09  2750.85  1.00000
   67372  8160.78  5216.79  2750.72  99999.0  10000.0  5216.79  2750.72  1.00000
   72184  8160.19  5216.46  2750.56  99999.0  10000.0  5216.46  2750.56  1.00000
   76997  8159.55  5216.12  2750.41  99999.0  10000.0  5216.12  2750.41  1.00000
   81809  8158.87  5215.75  2750.24  99999.0  10000.0  5215.75  2750.24  1.00000
   86621  8158.15  5215.36  2750.06  99999.0  10000.0  5215.36  2750.06  1.00000
   91434  8157.39  5214.95  2749.86  99999.0  10000.0  5214.95  2749.86  1.00000
   96246  8156.59  5214.51  2749.67  99999.0  10000.0  5214.51  2749.67  1.00000
  101058  8155.75  5214.06  2749.46  99999.0  10000.0  5214.06  2749.46  1.00000
  105870  8154.87  5213.58  2749.24  99999.0  10000.0  5213.58  2749.24  1.00000
  110683  8153.94  5213.08  2749.00  99999.0  10000.0  5213.08  2749.00  1.00000
  115495  8152.98  5212.55  2748.76  99999.0  10000.0  5212.55  2748.76  1.00000
  120307  8151.97  5212.00  2748.51  99999.0  10000.0  5212.00  2748.51  1.00000
  125120  8150.93  5211.44  2748.25  99999.0  10000.0  5211.44  2748.25  1.00000
  129932  8149.84  5210.84  2747.97  99999.0  10000.0  5210.84  2747.97  1.00000
  134744  8148.71  5210.23  2747.69  99999.0  10000.0  5210.23  2747.69  1.00000
  139556  8147.54  5209.59  2747.40  99999.0  10000.0  5209.59  2747.40  1.00000
  144369  8146.33  5208.93  2747.10  99999.0  10000.0  5208.93  2747.10  1.00000
  149181  8145.08  5208.25  2746.78  99999.0  10000.0  5208.25  2746.78  1.00000
  153993  8143.79  5207.55  2746.46  99999.0  10000.0  5207.55  2746.46  1.00000
  158806  8142.45  5206.82  2746.13  99999.0  10000.0  5206.82  2746.13  1.00000
  163618  8141.09  5206.07  2745.78  99999.0  10000.0  5206.07  2745.78  1.00000
  168430  8139.67  5205.30  2745.43  99999.0  10000.0  5205.30  2745.43  1.00000
  173242  8138.22  5204.51  2745.06  99999.0  10000.0  5204.51  2745.06  1.00000
  178055  8136.72  5203.69  2744.69  99999.0  10000.0  5203.69  2744.69  1.00000
  182867  8135.19  5202.85  2744.30  99999.0  10000.0  5202.85  2744.30  1.00000
  187679  8133.61  5201.99  2743.90  99999.0  10000.0  5201.99  2743.90  1.00000
  192492  8131.99  5201.10  2743.49  99999.0  10000.0  5201.10  2743.49  1.00000
  197304  8130.34  5200.20  2743.08  99999.0  10000.0  5200.20  2743.08  1.00000
  202116  8128.64  5199.27  2742.65  99999.0  10000.0  5199.27  2742.65  1.00000
  206929  8126.91  5198.31  2742.21  99999.0  10000.0  5198.31  2742.21  1.00000
  211741  8125.12  5197.34  2741.76  99999.0  10000.0  5197.34  2741.76  1.00000
  216553  8123.31  5196.34  2741.30  99999.0  10000.0  5196.34  2741.30  1.00000
  221365  8121.45  5195.32  2740.83  99999.0  10000.0  5195.32  2740.83  1.00000
  226178  8119.55  5194.27  2740.35  99999.0  10000.0  5194.27  2740.35  1.00000
  230990  8117.60  5193.21  2739.85  99999.0  10000.0  5193.21  2739.85  1.00000
  235802  8115.63  5192.12  2739.35  99999.0  10000.0  5192.12  2739.35  1.00000
  240615  8113.61  5191.00  2738.84  99999.0  10000.0  5191.00  2738.84  1.00000
  245427  8111.55  5189.87  2738.32  99999.0  10000.0  5189.87  2738.32  1.00000
  250239  8109.44  5188.71  2737.78  99999.0  10000.0  5188.71  2737.78  1.00000
  255051  8107.31  5187.53  2737.24  99999.0  10000.0  5187.53  2737.24  1.00000
  259864  8105.13  5186.32  2736.69  99999.0  10000.0  5186.32  2736.69  1.00000
  264676  8102.90  5185.10  2736.12  99999.0  10000.0  5185.10  2736.12  1.00000
  269488  8100.64  5183.84  2735.54  99999.0  10000.0  5183.84  2735.54  1.00000
  274301  8098.34  5182.57  2734.95  99999.0  10000.0  5182.57  2734.95  1.00000
  279113  8096.00  5181.27  2734.36  99999.0  10000.0  5181.27  2734.36  1.00000
  283925  8093.62  5179.95  2733.75  99999.0  10000.0  5179.95  2733.75  1.00000
  288737  8091.20  5178.60  2733.13  99999.0  10000.0  5178.60  2733.13  1.00000
  293550  8088.73  5177.24  2732.50  99999.0  10000.0  5177.24  2732.50  1.00000
  298362  8086.23  5175.85  2731.87  99999.0  10000.0  5175.85  2731.87  1.00000
  303174  8083.69  5174.43  2731.21  99999.0  10000.0  5174.43  2731.21  1.00000
  307987  8081.11  5172.99  2730.55  99999.0  10000.0  5172.99  2730.55  1.00000
  312799  8078.48  5171.53  2729.88  99999.0  10000.0  5171.53  2729.88  1.00000
  317611  8075.83  5170.05  2729.20  99999.0  10000.0  5170.05  2729.20  1.00000
  322423  8073.12  5168.54  2728.50  99999.0  10000.0  5168.54  2728.50  1.00000
  327236  8070.39  5167.01  2727.80  99999.0  10000.0  5167.01  2727.80  1.00000
  332048  8067.60  5165.45  2727.08  99999.0  10000.0  5165.45  2727.08  1.00000
  336860  8064.78  5163.87  2726.35  99999.0  10000.0  5163.87  2726.35  1.00000
  341673  8061.93  5162.28  2725.62  99999.0  10000.0  5162.28  2725.62  1.00000
  346485  8059.03  5160.65  2724.87  99999.0  10000.0  5160.65  2724.87  1.00000
  351297  8056.09  5158.99  2724.11  99999.0  10000.0  5158.99  2724.11  1.00000
  356110  8053.11  5157.32  2723.34  99999.0  10000.0  5157.32  2723.34  1.00000
  360922  8050.10  5155.62  2722.56  99999.0  10000.0  5155.62  2722.56  1.00000
  365734  8047.04  5153.90  2721.76  99999.0  10000.0  5153.90  2721.76  1.00000
  370546  8043.94  5152.15  2720.96  99999.0  10000.0  5152.15  2720.96  1.00000
  375359  8040.81  5150.38  2720.15  99999.0  10000.0  5150.38  2720.15  1.00000
  380171  8037.63  5148.59  2719.32  99999.0  10000.0  5148.59  2719.32  1.00000
  384983  8034.42  5146.77  2718.48  99999.0  10000.0  5146.77  2718.48  1.00000
  389796  8031.17  5144.92  2717.64  99999.0  10000.0  5144.92  2717.64  1.00000
  394608  8027.88  5143.06  2716.78  99999.0  10000.0  5143.06  2716.78  1.00000
  399420  8024.56  5141.16  2715.91  99999.0  10000.0  5141.16  2715.91  1.00000
  404232  8021.18  5139.25  2715.03  99999.0  10000.0  5139.25  2715.03  1.00000
  409045  8017.78  5137.31  2714.14  99999.0  10000.0  5137.31  2714.14  1.00000
  413857  8014.33  5135.35  2713.24  99999.0  10000.0  5135.35  2713.24  1.00000
  418669  8010.85  5133.36  2712.32  99999.0  10000.0  5133.36  2712.32  1.00000
  423482  8007.32  5131.34  2711.39  99999.0  10000.0  5131.34  2711.39  1.00000
  428294  8003.76  5129.30  2710.46  99999.0  10000.0  5129.30  2710.46  1.00000
  433106  8000.16  5127.24  2709.51  99999.0  10000.0  5127.24  2709.51  1.00000
  437918  7996.52  5125.15  2708.55  99999.0  10000.0  5125.15  2708.55  1.00000
  442731  7992.84  5123.04  2707.58  99999.0  10000.0  5123.04  2707.58  1.00000
  447543  7989.13  5120.90  2706.60  99999.0  10000.0  5120.90  2706.60  1.00000
  452355  7985.37  5118.73  2705.60  99999.0  10000.0  5118.73  2705.60  1.00000
  457168  7981.58  5116.55  2704.60  99999.0  10000.0  5116.55  2704.60  1.00000
  461980  7977.75  5114.33  2703.58  99999.0  10000.0  5114.33  2703.58  1.00000
  466792  3483.40  7694.58  4301.54  99999.0    166.9  7694.58  4301.54  1.00000
  471605  3483.75  7696.63  4302.67  99999.0    166.2  7696.63  4302.67  1.00000
  476417  3478.46  7671.44  4293.50  99999.0    165.4  7671.44  4293.50  1.00000
  481229  3478.88  7673.72  4294.73  99999.0    164.7  7673.72  4294.73  1.00000
  486041  3479.28  7676.01  4295.95  99999.0    163.9  7676.01  4295.95  1.00000
  490854  3479.70  7678.31  4297.17  99999.0    163.2  7678.31  4297.17  1.00000
  495666  3480.10  7680.61  4298.41  99999.0    162.4  7680.61  4298.41  1.00000
  500478  3480.52  7682.91  4299.64  99999.0    161.7  7682.91  4299.64  1.00000
  505291  3475.20  7657.61  4290.40  99999.0    161.0  7657.61  4290.40  1.00000
  510103  3475.63  7659.97  4291.65  99999.0    160.3  7659.97  4291.65  1.00000
  514915  3476.05  7662.34  4292.92  99999.0    159.5  7662.34  4292.92  1.00000
  519727  3476.48  7664.72  4294.18  99999.0    158.8  7664.72  4294.18  1.00000
  524540  3476.91  7667.10  4295.45  99999.0    158.1  7667.10  4295.45  1.00000
  529352  3477.34  7669.50  4296.73  99999.0    157.4  7669.50  4296.73  1.00000
  534164  3471.74  7642.84  4286.86  99999.0    156.6  7642.84  4286.86  1.00000
  538977  3472.23  7645.46  4288.26  99999.0    155.9  7645.46  4288.26  1.00000
  543789  3472.71  7648.08  4289.66  99999.0    155.0  7648.08  4289.66  1.00000
  548601  3473.20  7650.71  4291.07  99999.0    154.2  7650.71  4291.07  1.00000
  553413  3473.69  7653.33  4292.48  99999.0    153.3  7653.33  4292.48  1.00000
  558226  3468.07  7626.59  4282.61  99999.0    152.5  7626.59  4282.61  1.00000
  563038  3468.56  7629.24  4284.02  99999.0    151.7  7629.24  4284.02  1.00000
  567850  3469.06  7631.90  4285.44  99999.0    150.9  7631.90  4285.44  1.00000
  572663  3469.55  7634.55  4286.86  99999.0    150.0  7634.55  4286.86  1.00000
  577475  3470.06  7637.22  4288.28  99999.0    149.2  7637.22  4288.28  1.00000
  582287  3470.55  7639.89  4289.71  99999.0    148.4  7639.89  4289.71  1.00000
  587099  3463.29  7607.19  4279.33  99999.0    147.6  7607.19  4279.33  1.00000
  591912  3464.07  7610.87  4280.85  99999.0    146.7  7610.87  4280.85  1.00000
  596724  3464.87  7614.65  4282.37  99999.0    145.9  7614.65  4282.37  1.00000
  601536  3465.70  7618.51  4283.91  99999.0    145.1  7618.51  4283.91  1.00000
  606349  3466.54  7622.44  4285.45  99999.0    144.3  7622.44  4285.45  1.00000
  611161  3467.41  7626.50  4287.01  99999.0    143.5  7626.50  4287.01  1.00000
  615973  3457.21  7583.11  4275.73  99999.0    142.7  7583.11  4275.73  1.00000
  620786  3458.72  7589.47  4277.48  99999.0    141.9  7589.47  4277.48  1.00000
  625598  3460.22  7595.83  4279.24  99999.0    141.2  7595.83  4279.24  1.00000
  630410  3461.73  7602.20  4280.99  99999.0    140.4  7602.20  4280.99  1.00000
  635222  3463.24  7608.59  4282.75  99999.0    139.6  7608.59  4282.75  1.00000
  640035  3452.82  7564.20  4271.40  99999.0    138.8  7564.20  4271.40  1.00000
  644847  3453.87  7568.96  4273.05  99999.0    138.0  7568.96  4273.05  1.00000
  649659  3454.90  7573.64  4274.70  99999.0    137.2  7573.64  4274.70  1.00000
  654472  3455.91  7578.26  4276.34  99999.0    136.5  7578.26  4276.34  1.00000
  659284  3456.91  7582.81  4277.98  99999.0    135.7  7582.81  4277.98  1.00000
  664096  3448.84  7546.67  4267.18  99999.0    135.0  7546.67  4267.18  1.00000
  668908  3449.34  7549.47  4268.72  99999.0    134.2  7549.47  4268.72  1.00000
  673721  3449.85  7552.24  4270.24  99999.0    133.4  7552.24  4270.24  1.00000
  678533  3450.35  7555.02  4271.78  99999.0    132.7  7555.02  4271.78  1.00000
  683345  3450.86  7557.81  4273.31  99999.0    131.9  7557.81  4273.31  1.00000
  688158  3451.36  7560.60  4274.85  99999.0    131.2  7560.60  4274.85  1.00000
  692970  3445.64  7532.94  4264.62  99999.0    130.4  7532.94  4264.62  1.00000
  697782  3446.14  7535.76  4266.17  99999.0    129.7  7535.76  4266.17  1.00000
  702594  3446.66  7538.57  4267.71  99999.0    129.0  7538.57  4267.71  1.00000
  707407  3447.17  7541.39  4269.26  99999.0    128.2  7541.39  4269.26  1.00000
  712219  3447.69  7544.22  4270.82  99999.0    127.5  7544.22  4270.82  1.00000
  717031  3441.91  7516.37  4260.54  99999.0    126.8  7516.37  4260.54  1.00000
  721844  3442.40  7519.10  4262.06  99999.0    126.0  7519.10  4262.06  1.00000
  726656  3442.89  7521.84  4263.58  99999.0    125.3  7521.84  4263.58  1.00000
  731468  3443.38  7524.57  4265.10  99999.0    124.6  7524.57  4265.10  1.00000
  736281  3443.86  7527.31  4266.63  99999.0    123.9  7527.31  4266.63  1.00000
  741093  3444.36  7530.05  4268.16  99999.0    123.2  7530.05  4268.16  1.00000
  745905  3438.68  7502.62  4258.03  99999.0    122.3  7502.62  4258.03  1.00000
  750717  3439.16  7505.34  4259.54  99999.0    121.5  7505.34  4259.54  1.00000
  755530  3439.64  7508.07  4261.06  99999.0    120.7  7508.07  4261.06  1.00000
  760342  3440.12  7510.79  4262.58  99999.0    119.9  7510.79  4262.58  1.00000
  765154  3440.60  7513.53  4264.11  99999.0    119.1  7513.53  4264.11  1.00000
  769967  3434.79  7484.86  4253.62  99999.0    118.3  7484.86  4253.62  1.00000
  774779  3435.31  7487.87  4255.24  99999.0    117.5  7487.87  4255.24  1.00000
  779591  3435.83  7490.88  4256.87  99999.0    116.7  7490.88  4256.87  1.00000
  784403  3436.36  7493.92  4258.50  99999.0    115.9  7493.92  4258.50  1.00000
  789216  3436.89  7496.97  4260.14  99999.0    115.1  7496.97  4260.14  1.00000
  794028  3430.99  7467.66  4249.47  99999.0    114.3  7467.66  4249.47  1.00000
  798840  3431.54  7470.81  4251.15  99999.0    113.6  7470.81  4251.15  1.00000
  803653  3432.08  7473.97  4252.82  99999.0    112.8  7473.97  4252.82  1.00000
  808465  3432.63  7477.13  4254.51  99999.0    112.0  7477.13  4254.51  1.00000
  813277  3433.17  7480.30  4256.19  99999.0    111.2  7480.30  4256.19  1.00000
  818089  3427.24  7450.85  4245.50  99999.0    110.5  7450.85  4245.50  1.00000
  822902  3427.79  7454.04  4247.21  99999.0    109.7  7454.04  4247.21  1.00000
  827714  3428.35  7457.25  4248.90  99999.0    109.0  7457.25  4248.90  1.00000
  832526  3428.89  7460.46  4250.60  99999.0    108.2  7460.46  4250.60  1.00000
  837339  3429.45  7463.68  4252.30  99999.0    107.5  7463.68  4252.30  1.00000
  842151  3423.48  7434.01  4241.56  99999.0    106.7  7434.01  4241.56  1.00000
  846963  3424.04  7437.26  4243.28  99999.0    106.0  7437.26  4243.28  1.00000
  851776  3424.59  7440.51  4245.00  99999.0    105.3  7440.51  4245.00  1.00000
  856588  3425.16  7443.76  4246.71  99999.0    104.6  7443.76  4246.71  1.00000
  861400  3425.73  7447.01  4248.43  99999.0    103.8  7447.01  4248.43  1.00000
  866212  3426.29  7450.28  4250.17  99999.0    103.1  7450.28  4250.17  1.00000
  871025  3420.27  7420.58  4239.39  99999.0    102.4  7420.58  4239.39  1.00000
  875837  3427.41  7456.74  4253.60  99999.0    101.7  7456.74  4253.60  1.00000
  880649  3427.97  7459.98  4255.33  99999.0    100.9  7459.98  4255.33  1.00000
  885462  3428.54  7463.23  4257.06  99999.0    100.2  7463.23  4257.06  1.00000
  890274  3429.10  7466.50  4258.80  99999.0     99.5  7466.50  4258.80  1.00000
  895086  3423.13  7437.12  4248.11  99999.0     98.8  7437.12  4248.11  1.00000
  899898  3423.70  7440.32  4249.84  99999.0     98.1  7440.32  4249.84  1.00000
  904711  3424.28  7443.54  4251.59  99999.0     97.4  7443.54  4251.59  1.00000
  909523  3424.84  7446.77  4253.33  99999.0     96.8  7446.77  4253.33  1.00000
  914335  3425.42  7449.99  4255.07  99999.0     96.1  7449.99  4255.07  1.00000
  919148  3419.41  7420.42  4244.34  99999.0     95.4  7420.42  4244.34  1.00000
  923960  3419.99  7423.70  4246.11  99999.0     94.7  7423.70  4246.11  1.00000
  928772  3420.56  7426.99  4247.87  99999.0     94.0  7426.99  4247.87  1.00000
  933584  3421.15  7430.28  4249.63  99999.0     93.4  7430.28  4249.63  1.00000
  938397  3421.73  7433.58  4251.40  99999.0     92.6  7433.58  4251.40  1.00000
  943209  3414.04  7396.38  4237.85  99999.0     91.8  7396.38  4237.85  1.00000
  948021  3414.50  7399.21  4239.43  99999.0     91.0  7399.21  4239.43  1.00000
  952834  3414.98  7402.07  4241.01  99999.0     90.3  7402.07  4241.01  1.00000
  957646  3415.45  7404.93  4242.60  99999.0     89.5  7404.93  4242.60  1.00000
  962458  3415.92  7407.80  4244.20  99999.0     88.8  7407.80  4244.20  1.00000
  967270  3402.61  7345.16  4221.13  99999.0     88.0  7345.16  4221.13  1.00000
  972083  3403.21  7348.69  4222.95  99999.0     87.3  7348.69  4222.95  1.00000
  976895  3403.81  7352.24  4224.77  99999.0     86.6  7352.24  4224.77  1.00000
  981707  3404.40  7355.81  4226.60  99999.0     85.8  7355.81  4226.60  1.00000
  986520  3405.00  7359.37  4228.44  99999.0     85.1  7359.37  4228.44  1.00000
  991332  3398.79  7327.94  4217.43  99999.0     84.4  7327.94  4217.43  1.00000
  996144  3399.40  7331.50  4219.27  99999.0     83.7  7331.50  4219.27  1.00000
 1000957  3400.00  7335.06  4221.11  99999.0     83.0  7335.06  4221.11  1.00000
 1005769  3400.61  7338.62  4222.97  99999.0     82.3  7338.62  4222.97  1.00000
 1010581  3401.22  7342.21  4224.83  99999.0     81.6  7342.21  4224.83  1.00000
 1015393  3394.95  7310.64  4213.76  99999.0     80.9  7310.64  4213.76  1.00000
 1020206  3395.56  7314.19  4215.61  99999.0     80.2  7314.19  4215.61  1.00000
 1025018  3396.18  7317.75  4217.48  99999.0     79.5  7317.75  4217.48  1.00000
 1029830  3396.80  7321.32  4219.34  99999.0     78.9  7321.32  4219.34  1.00000
 1034643  3390.46  7289.42  4208.21  99999.0     78.2  7289.42  4208.21  1.00000
 1039455  3391.09  7293.07  4210.09  99999.0     77.5  7293.07  4210.09  1.00000
 1044267  3391.72  7296.70  4211.98  99999.0     76.8  7296.70  4211.98  1.00000
 1049079  3392.35  7300.34  4213.86  99999.0     76.2  7300.34  4213.86  1.00000
 1053892  3392.98  7304.00  4215.75  99999.0     75.5  7304.00  4215.75  1.00000
 1058704  3386.58  7271.73  4204.56  99999.0     74.9  7271.73  4204.56  1.00000
 1063516  3387.22  7275.44  4206.46  99999.0     74.2  7275.44  4206.46  1.00000
 1068329  3387.86  7279.17  4208.36  99999.0     73.6  7279.17  4208.36  1.00000
 1073141  3388.49  7282.90  4210.27  99999.0     73.0  7282.90  4210.27  1.00000
 1077953  3389.13  7286.63  4212.18  99999.0     72.3  7286.63  4212.18  1.00000
 1082765  3382.68  7254.22  4200.94  99999.0     71.7  7254.22  4200.94  1.00000
 1087578  3383.33  7257.95  4202.85  99999.0     71.0  7257.95  4202.85  1.00000
 1092390  3383.98  7261.68  4204.78  99999.0     70.3  7261.68  4204.78  1.00000
 1097202  3384.62  7265.42  4206.70  99999.0     69.6  7265.42  4206.70  1.00000
 1102015  3385.27  7269.16  4208.63  99999.0     69.0  7269.16  4208.63  1.00000
 1106827  3378.76  7236.47  4197.33  99999.0     68.3  7236.47  4197.33  1.00000
 1111639  3379.42  7240.23  4199.27  99999.0     67.7  7240.23  4199.27  1.00000
 1116452  3380.07  7243.99  4201.20  99999.0     67.0  7243.99  4201.20  1.00000
 1121264  3380.73  7247.76  4203.15  99999.0     66.4  7247.76  4203.15  1.00000
 1126076  3381.39  7251.54  4205.09  99999.0     65.8  7251.54  4205.09  1.00000
 1130888  3374.82  7218.41  4193.73  99999.0     65.1  7218.41  4193.73  1.00000
 1135701  3375.48  7222.26  4195.69  99999.0     64.5  7222.26  4195.69  1.00000
 1140513  3376.15  7226.11  4197.66  99999.0     63.9  7226.11  4197.66  1.00000
 1145325  3376.82  7229.97  4199.62  99999.0     63.3  7229.97  4199.62  1.00000
 1150138  3370.16  7195.98  4187.92  99999.0     62.7  7195.98  4187.92  1.00000
 1154950  3370.83  7199.93  4189.91  99999.0     62.1  7199.93  4189.91  1.00000
 1159762  3371.51  7203.87  4191.89  99999.0     61.5  7203.87  4191.89  1.00000
 1164574  3372.19  7207.81  4193.88  99999.0     60.9  7207.81  4193.88  1.00000
 1169387  3372.87  7211.77  4195.88  99999.0     60.3  7211.77  4195.88  1.00000
 1174199  3366.15  7177.62  4184.29  99999.0     59.7  7177.62  4184.29  1.00000
 1179011  3366.83  7181.66  4186.29  99999.0     59.1  7181.66  4186.29  1.00000
 1183824  3367.52  7185.70  4188.31  99999.0     58.5  7185.70  4188.31  1.00000
 1188636  3368.21  7189.76  4190.32  99999.0     58.0  7189.76  4190.32  1.00000
 1193448  3368.90  7193.83  4192.35  99999.0     57.4  7193.83  4192.35  1.00000
 1198260  3362.13  7159.69  4180.74  99999.0     56.9  7159.69  4180.74  1.00000
 1203073  3362.83  7163.68  4182.76  99999.0     56.3  7163.68  4182.76  1.00000
 1207885  3363.53  7167.68  4184.79  99999.0     55.7  7167.68  4184.79  1.00000
 1212697  3364.23  7171.69  4186.82  99999.0     55.2  7171.69  4186.82  1.00000
 1217510  3364.90  7175.51  4188.79  99999.0     54.6  7175.51  4188.79  1.00000
 1222322  3358.11  7141.05  4177.17  99999.0     54.1  7141.05  4177.17  1.00000
 1227134  3366.32  7183.91  4192.89  99999.0     53.5  7183.91  4192.89  1.00000
 1231946  3367.01  7188.04  4194.92  99999.0     52.9  7188.04  4194.92  1.00000
 1236759  3367.71  7192.18  4196.95  99999.0     52.4  7192.18  4196.95  1.00000
 1241571  3360.96  7157.49  4185.40  99999.0     51.8  7157.49  4185.40  1.00000
 1246383  3361.66  7161.67  4187.44  99999.0     51.3  7161.67  4187.44  1.00000
 1251196  3362.36  7165.85  4189.49  99999.0     50.7  7165.85  4189.49  1.00000
 1256008  3363.07  7170.05  4191.54  99999.0     50.2  7170.05  4191.54  1.00000
 1260820  3363.78  7174.24  4193.59  99999.0     49.7  7174.24  4193.59  1.00000
 1265633  3356.95  7139.23  4181.97  99999.0     49.1  7139.23  4181.97  1.00000
 1270445  3357.66  7143.46  4184.04  99999.0     48.6  7143.46  4184.04  1.00000
 1275257  3358.38  7147.72  4186.10  99999.0     48.1  7147.72  4186.10  1.00000
 1280069  3359.10  7151.98  4188.18  99999.0     47.6  7151.98  4188.18  1.00000
 1284882  3351.99  7116.47  4177.58  99999.0     47.1  7116.47  4177.58  1.00000
 1289694  3352.75  7120.79  4179.49  99999.0     46.5  7120.79  4179.49  1.00000
 1294506  3353.52  7125.13  4181.35  99999.0     46.0  7125.13  4181.35  1.00000
 1299319  3354.30  7129.47  4183.19  99999.0     45.6  7129.47  4183.19  1.00000
 1304131  3355.09  7133.82  4184.97  99999.0     45.1  7133.82  4184.97  1.00000
 1308943  3347.26  7097.88  4178.09  99999.0     44.6  7097.88  4178.09  1.00000
 1313755  3348.22  7102.28  4178.91  99999.0     44.1  7102.28  4178.91  1.00000
 1318568  3349.18  7106.71  4179.74  99999.0     43.6  7106.71  4179.74  1.00000
 1323380  3350.15  7111.14  4180.57  99999.0     43.1  7111.14  4180.57  1.00000
 1328192  3342.20  7074.58  4173.70  99999.0     42.7  7074.58  4173.70  1.00000
 1333005  3343.11  7079.08  4174.93  99999.0     42.2  7079.08  4174.93  1.00000
 1337817  3344.01  7083.59  4176.20  99999.0     41.8  7083.59  4176.20  1.00000
 1342629  3344.91  7088.10  4177.50  99999.0     41.3  7088.10  4177.50  1.00000
 1347441  3354.25  7138.49  4196.42  99999.0     50.1  7138.49  4196.42  1.00000
 1352254  3340.72  7121.90  4182.84  99999.0     65.8  7121.90  4182.84  1.00000
 1357066  3364.31  7206.79  4230.28  99999.0     88.7  7206.79  4230.28  1.00000
 1361878  3361.94  7233.63  4236.95  99999.0    123.1  7233.63  4236.95  1.00000
 1366691  3380.78  7307.05  4277.34  99999.0    176.7  7307.05  4277.34  1.00000
 1371503  3365.10  7290.76  4261.01  99999.0    263.6  7290.76  4261.01  1.00000
 1376315  3371.69  7330.11  4281.61  99999.0    411.3  7330.11  4281.61  1.00000
 1381128  3382.32  7389.25  4308.80  99999.0    677.2  7389.25  4308.80  1.00000
 1385940  3387.30  7420.49  4326.55  99999.0   1188.2  7420.49  4326.55  1.00000
 1390752  3394.58  7475.03  4344.93  99999.0   2251.7  7475.03  4344.93  1.00000
 1395564  3388.50  7469.51  4339.34  99999.0   4684.1  7469.51  4339.34  1.00000
 1400377  3397.94  7522.31  4364.15  99999.0  10939.7  7522.31  4364.15  1.00000
 1405189  3402.12  7548.69  4379.73  99999.0  29552.3  7548.69  4379.73  1.00000
 1410001  3412.03  7603.14  4404.84  99999.0  96183.9  7603.14  4404.84  1.00000
 1414814  3411.06  7604.13  4411.07  99999.0  99999.0  7604.13  4411.07  1.00000
 1419626  3419.33  7649.81  4432.37  99999.0  99999.0  7649.81  4432.37  1.00000
 1424438  3454.95  7737.00  4490.51  99999.0  99999.0  7737.00  4490.51  1.00000
 1429250  3440.65  7731.24  4478.11  99999.0  99999.0  7731.24  4478.11  1.00000
 1434063  3456.49  7769.18  4506.58  99999.0  99999.0  7769.18  4506.58  1.00000
 1438875  3440.86  7758.19  4491.23  99999.0  99999.0  7758.19  4491.23  1.00000
 1438875  1073.64  1721.97     0.00  99999.0  99999.0  1721.97     0.00  1.00000
 1439409  1073.35  1720.50     0.00  99999.0  99999.0  1720.50     0.00  1.00000
 1439943  1073.07  1719.04     0.00  99999.0  99999.0  1719.04     0.00  1.00000
 1440477  1072.78  1717.57     0.00  99999.0  99999.0  1717.57     0.00  1.00000
 1441011  1072.50  1716.11     0.00  99999.0  99999.0  1716.11     0.00  1.00000
 1441545  1072.22  1714.66     0.00  99999.0  99999.0  1714.66     0.00  1.00000
 1442079  1071.93  1713.19     0.00  99999.0  99999.0  1713.19     0.00  1.00000
 1442612  1071.65  1711.73     0.00  99999.0  99999.0  1711.73     0.00  1.00000
 1443146  1071.36  1710.27     0.00  99999.0  99999.0  1710.27     0.00  1.00000
 1443680  1071.08  1708.81     0.00  99999.0  99999.0  1708.81     0.00  1.00000
 1444214  1070.79  1707.35     0.00  99999.0  99999.0  1707.35     0.00  1.00000
 1444748  1070.50  1705.90     0.00  99999.0  99999.0  1705.90     0.00  1.00000
 1445282  1070.22  1704.43     0.00  99999.0  99999.0  1704.43     0.00  1.00000
 1445816  1069.93  1702.97     0.00  99999.0  99999.0  1702.97     0.00  1.00000
 1446350  1069.65  1701.51     0.00  99999.0  99999.0  1701.51     0.00  1.00000
 1446884  1069.36  1700.05     0.00  99999.0  99999.0  1700.05     0.00  1.00000
 1447418  1069.07  1698.59     0.00  99999.0  99999.0  1698.59     0.00  1.00000
 1447952  1068.79  1697.13     0.00  99999.0  99999.0  1697.13     0.00  1.00000
 1448486  1068.50  1695.68     0.00  99999.0  99999.0  1695.68     0.00  1.00000
 1449019  1068.21  1694.22     0.00  99999.0  99999.0  1694.22     0.00  1.00000
 1449553  1067.92  1692.75     0.00  99999.0  99999.0  1692.75     0.00  1.00000
 1450087  1067.63  1691.30     0.00  99999.0  99999.0  1691.30     0.00  1.00000
 1450621  1067.35  1689.84     0.00  99999.0  99999.0  1689.84     0.00  1.00000
 1451155  1067.06  1688.39     0.00  99999.0  99999.0  1688.39     0.00  1.00000
 1451689  1066.77  1686.93     0.00  99999.0  99999.0  1686.93     0.00  1.00000
 1452223  1066.47  1685.47     0.00  99999.0  99999.0  1685.47     0.00  1.00000
 1452757  1066.19  1684.01     0.00  99999.0  99999.0  1684.01     0.00  1.00000
 1453291  1065.90  1682.56     0.00  99999.0  99999.0  1682.56     0.00  1.00000
 1453825  1065.61  1681.10     0.00  99999.0  99999.0  1681.10     0.00  1.00000
 1454359  1065.32  1679.64     0.00  99999.0  99999.0  1679.64     0.00  1.00000
 1454893  1065.03  1678.19     0.00  99999.0  99999.0  1678.19     0.00  1.00000
 1455427  1064.74  1676.74     0.00  99999.0  99999.0  1676.74     0.00  1.00000
 1455960  1064.44  1675.28     0.00  99999.0  99999.0  1675.28     0.00  1.00000
 1456494  1064.15  1673.83     0.00  99999.0  99999.0  1673.83     0.00  1.00000
 1457028  1063.86  1672.37     0.00  99999.0  99999.0  1672.37     0.00  1.00000
 1457562  1063.57  1670.92     0.00  99999.0  99999.0  1670.92     0.00  1.00000
 1458096  1063.28  1669.47     0.00  99999.0  99999.0  1669.47     0.00  1.00000
 1458630  1062.99  1668.02     0.00  99999.0  99999.0  1668.02     0.00  1.00000
 1459164  1062.69  1666.56     0.00  99999.0  99999.0  1666.56     0.00  1.00000
 1459698  1062.40  1665.11     0.00  99999.0  99999.0  1665.11     0.00  1.00000
 1460232  1062.10  1663.66     0.00  99999.0  99999.0  1663.66     0.00  1.00000
 1460766  1061.81  1662.22     0.00  99999.0  99999.0  1662.22     0.00  1.00000
 1461300  1061.51  1660.77     0.00  99999.0  99999.0  1660.77     0.00  1.00000
 1461834  1061.22  1659.31     0.00  99999.0  99999.0  1659.31     0.00  1.00000
 1462367  1060.92  1657.87     0.00  99999.0  99999.0  1657.87     0.00  1.00000
 1462901  1060.64  1656.42     0.00  99999.0  99999.0  1656.42     0.00  1.00000
 1463435  1060.34  1654.97     0.00  99999.0  99999.0  1654.97     0.00  1.00000
 1463969  1060.05  1653.52     0.00  99999.0  99999.0  1653.52     0.00  1.00000
 1464503  1059.75  1652.08     0.00  99999.0  99999.0  1652.08     0.00  1.00000
 1465037  1059.45  1650.63     0.00  99999.0  99999.0  1650.63     0.00  1.00000
 1465571  1059.15  1649.19     0.00  99999.0  99999.0  1649.19     0.00  1.00000
 1466105  1058.86  1647.74     0.00  99999.0  99999.0  1647.74     0.00  1.00000
 1466639  1058.56  1646.30     0.00  99999.0  99999.0  1646.30     0.00  1.00000
 1467173  1058.26  1644.86     0.00  99999.0  99999.0  1644.86     0.00  1.00000
 1467707  1057.96  1643.42     0.00  99999.0  99999.0  1643.42     0.00  1.00000
 1468241  1057.67  1641.98     0.00  99999.0  99999.0  1641.98     0.00  1.00000
 1468774  1057.37  1640.53     0.00  99999.0  99999.0  1640.53     0.00  1.00000
 1469308  1057.07  1639.09     0.00  99999.0  99999.0  1639.09     0.00  1.00000
 1469842  1056.77  1637.66     0.00  99999.0  99999.0  1637.66     0.00  1.00000
 1470376  1056.47  1636.22     0.00  99999.0  99999.0  1636.22     0.00  1.00000
 1470910  1056.17  1634.78     0.00  99999.0  99999.0  1634.78     0.00  1.00000
 1471444  1055.87  1633.35     0.00  99999.0  99999.0  1633.35     0.00  1.00000
 1471978  1055.57  1631.91     0.00  99999.0  99999.0  1631.91     0.00  1.00000
 1472512  1055.27  1630.48     0.00  99999.0  99999.0  1630.48     0.00  1.00000
 1473046  1054.97  1629.05     0.00  99999.0  99999.0  1629.05     0.00  1.00000
 1473580  1054.68  1627.61     0.00  99999.0  99999.0  1627.61     0.00  1.00000
 1474114  1054.38  1626.18     0.00  99999.0  99999.0  1626.18     0.00  1.00000
 1474648  1054.07  1624.74     0.00  99999.0  99999.0  1624.74     0.00  1.00000
 1475182  1053.77  1623.31     0.00  99999.0  99999.0  1623.31     0.00  1.00000
 1475715  1053.47  1621.89     0.00  99999.0  99999.0  1621.89     0.00  1.00000
 1476249  1053.17  1620.46     0.00  99999.0  99999.0  1620.46     0.00  1.00000
 1476783  1052.86  1619.03     0.00  99999.0  99999.0  1619.03     0.00  1.00000
 1477317  1052.56  1617.61     0.00  99999.0  99999.0  1617.61     0.00  1.00000
 1477851  1052.26  1616.18     0.00  99999.0  99999.0  1616.18     0.00  1.00000
 1478385  1051.95  1614.76     0.00  99999.0  99999.0  1614.76     0.00  1.00000
 1478919  1051.66  1613.33     0.00  99999.0  99999.0  1613.33     0.00  1.00000
 1479453  1051.35  1611.91     0.00  99999.0  99999.0  1611.91     0.00  1.00000
 1479987  1051.05  1610.50     0.00  99999.0  99999.0  1610.50     0.00  1.00000
 1480521  1050.74  1609.07     0.00  99999.0  99999.0  1609.07     0.00  1.00000
 1481055  1050.44  1607.65     0.00  99999.0  99999.0  1607.65     0.00  1.00000
 1481589  1050.13  1606.24     0.00  99999.0  99999.0  1606.24     0.00  1.00000
 1482122  1049.82  1604.82     0.00  99999.0  99999.0  1604.82     0.00  1.00000
 1482656  1049.52  1603.41     0.00  99999.0  99999.0  1603.41     0.00  1.00000
 1483190  1049.21  1601.99     0.00  99999.0  99999.0  1601.99     0.00  1.00000
 1483724  1048.91  1600.58     0.00  99999.0  99999.0  1600.58     0.00  1.00000
 1484258  1048.60  1599.17     0.00  99999.0  99999.0  1599.17     0.00  1.00000
 1484792  1048.30  1597.76     0.00  99999.0  99999.0  1597.76     0.00  1.00000
 1485326  1047.99  1596.35     0.00  99999.0  99999.0  1596.35     0.00  1.00000
 1485860  1047.68  1594.94     0.00  99999.0  99999.0  1594.94     0.00  1.00000
 1486394  1047.37  1593.53     0.00  99999.0  99999.0  1593.53     0.00  1.00000
 1486928  1047.06  1592.12     0.00  99999.0  99999.0  1592.12     0.00  1.00000
 1487462  1046.75  1590.72     0.00  99999.0  99999.0  1590.72     0.00  1.00000
 1487996  1046.44  1589.32     0.00  99999.0  99999.0  1589.32     0.00  1.00000
 1488530  1046.13  1587.91     0.00  99999.0  99999.0  1587.91     0.00  1.00000
 1489063  1045.82  1586.51     0.00  99999.0  99999.0  1586.51     0.00  1.00000
 1489597  1045.52  1585.12     0.00  99999.0  99999.0  1585.12     0.00  1.00000
 1490131  1045.21  1583.72     0.00  99999.0  99999.0  1583.72     0.00  1.00000
 1490665  1044.90  1582.32     0.00  99999.0  99999.0  1582.32     0.00  1.00000
 1491199  1044.59  1580.93     0.00  99999.0  99999.0  1580.93     0.00  1.00000
 1491733  1044.28  1579.53     0.00  99999.0  99999.0  1579.53     0.00  1.00000
 1492267  1043.97  1578.15     0.00  99999.0  99999.0  1578.15     0.00  1.00000
 1492801  1043.66  1576.76     0.00  99999.0  99999.0  1576.76     0.00  1.00000
 1493335  1043.34  1575.36     0.00  99999.0  99999.0  1575.36     0.00  1.00000
 1493869  1043.03  1573.98     0.00  99999.0  99999.0  1573.98     0.00  1.00000
 1494403  1042.72  1572.59     0.00  99999.0  99999.0  1572.59     0.00  1.00000
 1494937  1042.41  1571.20     0.00  99999.0  99999.0  1571.20     0.00  1.00000
 1495470  1042.10  1569.83     0.00  99999.0  99999.0  1569.83     0.00  1.00000
 1496004  1041.78  1568.44     0.00  99999.0  99999.0  1568.44     0.00  1.00000
 1496538  1041.47  1567.06     0.00  99999.0  99999.0  1567.06     0.00  1.00000
 1497072  1041.16  1565.68     0.00  99999.0  99999.0  1565.68     0.00  1.00000
 1497606  1040.84  1564.31     0.00  99999.0  99999.0  1564.31     0.00  1.00000
 1498140  1040.53  1562.93     0.00  99999.0  99999.0  1562.93     0.00  1.00000
 1498674  1040.21  1561.56     0.00  99999.0  99999.0  1561.56     0.00  1.00000
 1499208  1039.90  1560.19     0.00  99999.0  99999.0  1560.19     0.00  1.00000
 1499742  1039.58  1558.82     0.00  99999.0  99999.0  1558.82     0.00  1.00000
 1500276  1039.26  1557.44     0.00  99999.0  99999.0  1557.44     0.00  1.00000
 1500810  1038.95  1556.08     0.00  99999.0  99999.0  1556.08     0.00  1.00000
 1501344  1038.63  1554.72     0.00  99999.0  99999.0  1554.72     0.00  1.00000
 1501878  1038.32  1553.35     0.00  99999.0  99999.0  1553.35     0.00  1.00000
 1502411  1038.00  1551.99     0.00  99999.0  99999.0  1551.99     0.00  1.00000
 1502945  1037.68  1550.63     0.00  99999.0  99999.0  1550.63     0.00  1.00000
 1503479  1037.36  1549.27     0.00  99999.0  99999.0  1549.27     0.00  1.00000
 1504013  1037.05  1547.92     0.00  99999.0  99999.0  1547.92     0.00  1.00000
 1504547  1036.73  1546.56     0.00  99999.0  99999.0  1546.56     0.00  1.00000
 1505081  1036.41  1545.21     0.00  99999.0  99999.0  1545.21     0.00  1.00000
 1505615  1036.09  1543.86     0.00  99999.0  99999.0  1543.86     0.00  1.00000
 1506149  1035.78  1542.50     0.00  99999.0  99999.0  1542.50     0.00  1.00000
 1506683  1035.46  1541.16     0.00  99999.0  99999.0  1541.16     0.00  1.00000
 1507217  1035.14  1539.81     0.00  99999.0  99999.0  1539.81     0.00  1.00000
 1507751  1034.82  1538.47     0.00  99999.0  99999.0  1538.47     0.00  1.00000
 1508285  1034.50  1537.12     0.00  99999.0  99999.0  1537.12     0.00  1.00000
 1508818  1034.18  1535.79     0.00  99999.0  99999.0  1535.79     0.00  1.00000
 1509352  1033.86  1534.45     0.00  99999.0  99999.0  1534.45     0.00  1.00000
 1509886  1033.54  1533.11     0.00  99999.0  99999.0  1533.11     0.00  1.00000
 1510420  1033.22  1531.78     0.00  99999.0  99999.0  1531.78     0.00  1.00000
 1510954  1032.89  1530.45     0.00  99999.0  99999.0  1530.45     0.00  1.00000
 1511488  1032.57  1529.12     0.00  99999.0  99999.0  1529.12     0.00  1.00000
 1512022  1032.25  1527.79     0.00  99999.0  99999.0  1527.79     0.00  1.00000
 1512556  1031.93  1526.46     0.00  99999.0  99999.0  1526.46     0.00  1.00000
 1513090  1031.61  1525.14     0.00  99999.0  99999.0  1525.14     0.00  1.00000
 1513624  1031.28  1523.81     0.00  99999.0  99999.0  1523.81     0.00  1.00000
 1514158  1030.96  1522.49     0.00  99999.0  99999.0  1522.49     0.00  1.00000
 1514692  1030.64  1521.18     0.00  99999.0  99999.0  1521.18     0.00  1.00000
 1515226  1030.31  1519.86     0.00  99999.0  99999.0  1519.86     0.00  1.00000
 1515759  1029.98  1518.54     0.00  99999.0  99999.0  1518.54     0.00  1.00000
 1516293  1029.66  1517.22     0.00  99999.0  99999.0  1517.22     0.00  1.00000
 1516827  1029.33  1515.92     0.00  99999.0  99999.0  1515.92     0.00  1.00000
 1517361  1029.01  1514.61     0.00  99999.0  99999.0  1514.61     0.00  1.00000
 1517895  1028.68  1513.31     0.00  99999.0  99999.0  1513.31     0.00  1.00000
 1518429  1028.36  1511.99     0.00  99999.0  99999.0  1511.99     0.00  1.00000
 1518963  1028.03  1510.69     0.00  99999.0  99999.0  1510.69     0.00  1.00000
 1519497  1027.70  1509.40     0.00  99999.0  99999.0  1509.40     0.00  1.00000
 1520031  1027.38  1508.09     0.00  99999.0  99999.0  1508.09     0.00  1.00000
 1520565  1027.05  1506.80     0.00  99999.0  99999.0  1506.80     0.00  1.00000
 1521099  1026.73  1505.50     0.00  99999.0  99999.0  1505.50     0.00  1.00000
 1521633  1026.40  1504.21     0.00  99999.0  99999.0  1504.21     0.00  1.00000
 1522166  1026.07  1502.92     0.00  99999.0  99999.0  1502.92     0.00  1.00000
 1522700  1025.74  1501.64     0.00  99999.0  99999.0  1501.64     0.00  1.00000
 1523234  1025.41  1500.35     0.00  99999.0  99999.0  1500.35     0.00  1.00000
 1523768  1025.08  1499.07     0.00  99999.0  99999.0  1499.07     0.00  1.00000
 1524302  1024.76  1497.78     0.00  99999.0  99999.0  1497.78     0.00  1.00000
 1524836  1024.43  1496.50     0.00  99999.0  99999.0  1496.50     0.00  1.00000
 1525370  1024.09  1495.23     0.00  99999.0  99999.0  1495.23     0.00  1.00000
 1525904  1023.77  1493.96     0.00  99999.0  99999.0  1493.96     0.00  1.00000
 1526438  1023.44  1492.68     0.00  99999.0  99999.0  1492.68     0.00  1.00000
 1526972  1023.11  1491.41     0.00  99999.0  99999.0  1491.41     0.00  1.00000
 1527506  1022.78  1490.15     0.00  99999.0  99999.0  1490.15     0.00  1.00000
 1528040  1022.45  1488.88     0.00  99999.0  99999.0  1488.88     0.00  1.00000
 1528573  1022.11  1487.62     0.00  99999.0  99999.0  1487.62     0.00  1.00000
 1529107  1021.78  1486.36     0.00  99999.0  99999.0  1486.36     0.00  1.00000
 1529641  1021.45  1485.10     0.00  99999.0  99999.0  1485.10     0.00  1.00000
 1530175  1021.12  1483.84     0.00  99999.0  99999.0  1483.84     0.00  1.00000
 1530709  1020.78  1482.58     0.00  99999.0  99999.0  1482.58     0.00  1.00000
 1531243  1020.44  1481.33     0.00  99999.0  99999.0  1481.33     0.00  1.00000
 1531777  1020.11  1480.08     0.00  99999.0  99999.0  1480.08     0.00  1.00000
 1532311  1019.78  1478.83     0.00  99999.0  99999.0  1478.83     0.00  1.00000
 1532845  1019.44  1477.58     0.00  99999.0  99999.0  1477.58     0.00  1.00000
 1533379  1019.11  1476.34     0.00  99999.0  99999.0  1476.34     0.00  1.00000
 1533913  1018.78  1475.10     0.00  99999.0  99999.0  1475.10     0.00  1.00000
 1534447  1018.44  1473.85     0.00  99999.0  99999.0  1473.85     0.00  1.00000
 1534981  1018.10  1472.63     0.00  99999.0  99999.0  1472.63     0.00  1.00000
 1535514  1017.77  1471.39     0.00  99999.0  99999.0  1471.39     0.00  1.00000
 1536048  1017.44  1470.16     0.00  99999.0  99999.0  1470.16     0.00  1.00000
 1536582  1017.10  1468.92     0.00  99999.0  99999.0  1468.92     0.00  1.00000
 1537116  1016.77  1467.69     0.00  99999.0  99999.0  1467.69     0.00  1.00000
 1537650  1016.42  1466.47     0.00  99999.0  99999.0  1466.47     0.00  1.00000
 1538184  1016.09  1465.25     0.00  99999.0  99999.0  1465.25     0.00  1.00000
 1538718  1015.75  1464.02     0.00  99999.0  99999.0  1464.02     0.00  1.00000
 1539252  1015.41  1462.81     0.00  99999.0  99999.0  1462.81     0.00  1.00000
 1539786  1015.08  1461.59     0.00  99999.0  99999.0  1461.59     0.00  1.00000
 1540320  1014.74  1460.37     0.00  99999.0  99999.0  1460.37     0.00  1.00000
 1540854  1014.39  1459.16     0.00  99999.0  99999.0  1459.16     0.00  1.00000
 1541388  1014.06  1457.96     0.00  99999.0  99999.0  1457.96     0.00  1.00000
 1541921  1013.72  1456.75     0.00  99999.0  99999.0  1456.75     0.00  1.00000
 1542455  1013.38  1455.54     0.00  99999.0  99999.0  1455.54     0.00  1.00000
 1542989  1013.04  1454.34     0.00  99999.0  99999.0  1454.34     0.00  1.00000
 1543523  1012.70  1453.14     0.00  99999.0  99999.0  1453.14     0.00  1.00000
 1544057  1012.36  1451.94     0.00  99999.0  99999.0  1451.94     0.00  1.00000
 1544591  1012.02  1450.75     0.00  99999.0  99999.0  1450.75     0.00  1.00000
 1545125  1011.68  1449.55     0.00  99999.0  99999.0  1449.55     0.00  1.00000
 1545125   921.18  3867.16  1965.38  99999.0      5.7  3867.16  1965.38  1.00000
 1545191   921.17  3867.10  1965.35  99999.0      5.7  3867.10  1965.35  1.00000
 1545258   921.16  3867.04  1965.32  99999.0      5.7  3867.04  1965.32  1.00000
 1545324   921.15  3866.98  1965.28  99999.0      5.7  3866.98  1965.28  1.00000
 1545391   921.14  3866.92  1965.25  99999.0      5.7  3866.92  1965.25  1.00000
 1545457   921.13  3866.86  1965.22  99999.0      5.7  3866.86  1965.22  1.00000
 1545524   921.13  3866.80  1965.19  99999.0      5.7  3866.80  1965.19  1.00000
 1545590   921.12  3866.73  1965.16  99999.0      5.7  3866.73  1965.16  1.00000
 1545657   921.11  3866.67  1965.12  99999.0      5.7  3866.67  1965.12  1.00000
 1545723   921.10  3866.61  1965.09  99999.0      5.7  3866.61  1965.09  1.00000
 1545790   921.09  3866.54  1965.06  99999.0      5.7  3866.54  1965.06  1.00000
 1545856   921.08  3866.48  1965.03  99999.0      5.7  3866.48  1965.03  1.00000
 1545923   921.08  3866.42  1965.00  99999.0      5.7  3866.42  1965.00  1.00000
 1545989   921.07  3866.36  1964.97  99999.0      5.7  3866.36  1964.97  1.00000
 1546056   921.06  3866.30  1964.93  99999.0      5.7  3866.30  1964.93  1.00000
 1546122   921.05  3866.23  1964.90  99999.0      5.7  3866.23  1964.90  1.00000
 1546189   921.04  3866.17  1964.87  99999.0      5.7  3866.17  1964.87  1.00000
 1546255   921.04  3866.11  1964.84  99999.0      5.7  3866.11  1964.84  1.00000
 1546321   921.03  3866.04  1964.81  99999.0      5.7  3866.04  1964.81  1.00000
 1546388   921.02  3865.98  1964.77  99999.0      5.7  3865.98  1964.77  1.00000
 1546454   921.01  3865.92  1964.74  99999.0      5.7  3865.92  1964.74  1.00000
 1546521   921.00  3865.86  1964.71  99999.0      5.7  3865.86  1964.71  1.00000
 1546587   920.99  3865.80  1964.68  99999.0      5.7  3865.80  1964.68  1.00000
 1546654   920.99  3865.74  1964.65  99999.0      5.7  3865.74  1964.65  1.00000
 1546720   920.98  3865.68  1964.61  99999.0      5.7  3865.68  1964.61  1.00000
 1546787   920.97  3865.62  1964.58  99999.0      5.7  3865.62  1964.58  1.00000
 1546853   920.96  3865.55  1964.55  99999.0      5.7  3865.55  1964.55  1.00000
 1546920   920.95  3865.49  1964.53  99999.0      5.7  3865.49  1964.53  1.00000
 1546986   920.94  3865.42  1964.50  99999.0      5.7  3865.42  1964.50  1.00000
 1547053   920.94  3865.36  1964.47  99999.0      5.7  3865.36  1964.47  1.00000
 1547119   920.93  3865.30  1964.43  99999.0      5.7  3865.30  1964.43  1.00000
 1547186   920.92  3865.24  1964.40  99999.0      5.7  3865.24  1964.40  1.00000
 1547252   920.91  3865.18  1964.37  99999.0      5.7  3865.18  1964.37  1.00000
 1547319   920.90  3865.12  1964.34  99999.0      5.7  3865.12  1964.34  1.00000
 1547385   920.89  3865.06  1964.31  99999.0      5.7  3865.06  1964.31  1.00000
 1547452   920.89  3865.00  1964.27  99999.0      5.7  3865.00  1964.27  1.00000
 1547518   920.88  3864.93  1964.24  99999.0      5.7  3864.93  1964.24  1.00000
 1547584   920.87  3864.87  1964.21  99999.0      5.7  3864.87  1964.21  1.00000
 1547651   920.86  3864.80  1964.18  99999.0      5.7  3864.80  1964.18  1.00000
 1547717   920.85  3864.74  1964.15  99999.0      5.7  3864.74  1964.15  1.00000
 1547784   920.84  3864.68  1964.11  99999.0      5.7  3864.68  1964.11  1.00000
 1547850   920.84  3864.62  1964.08  99999.0      5.7  3864.62  1964.08  1.00000
 1547917   920.83  3864.56  1964.05  99999.0      5.7  3864.56  1964.05  1.00000
 1547983   920.82  3864.50  1964.02  99999.0      5.7  3864.50  1964.02  1.00000
 1548050   920.81  3864.43  1963.99  99999.0      5.7  3864.43  1963.99  1.00000
 1548116   920.80  3864.37  1963.95  99999.0      5.7  3864.37  1963.95  1.00000
 1548183   920.80  3864.31  1963.92  99999.0      5.7  3864.31  1963.92  1.00000
 1548249   920.79  3864.25  1963.89  99999.0      5.7  3864.25  1963.89  1.00000
 1548316   920.78  3864.19  1963.86  99999.0      5.7  3864.19  1963.86  1.00000
 1548382   920.77  3864.12  1963.83  99999.0      5.7  3864.12  1963.83  1.00000
 1548449   920.76  3864.06  1963.79  99999.0      5.7  3864.06  1963.79  1.00000
 1548515   920.75  3864.00  1963.76  99999.0      5.7  3864.00  1963.76  1.00000
 1548582   920.74  3863.93  1963.73  99999.0      5.7  3863.93  1963.73  1.00000
 1548648   920.74  3863.87  1963.70  99999.0      5.7  3863.87  1963.70  1.00000
 1548714   920.73  3863.81  1963.67  99999.0      5.7  3863.81  1963.67  1.00000
 1548781   920.72  3863.75  1963.64  99999.0      5.7  3863.75  1963.64  1.00000
 1548847   920.71  3863.69  1963.61  99999.0      5.7  3863.69  1963.61  1.00000
 1548914   920.70  3863.62  1963.58  99999.0      5.7  3863.62  1963.58  1.00000
 1548980   920.70  3863.56  1963.55  99999.0      5.7  3863.56  1963.55  1.00000
 1549047   920.69  3863.50  1963.52  99999.0      5.7  3863.50  1963.52  1.00000
 1549113   920.68  3863.44  1963.49  99999.0      5.7  3863.44  1963.49  1.00000
 1549180   920.67  3863.37  1963.45  99999.0      5.7  3863.37  1963.45  1.00000
 1549246   920.66  3863.31  1963.42  99999.0      5.7  3863.31  1963.42  1.00000
 1549313   920.65  3863.25  1963.39  99999.0      5.7  3863.25  1963.39  1.00000
 1549379   920.65  3863.19  1963.36  99999.0      5.7  3863.19  1963.36  1.00000
 1549446   920.64  3863.13  1963.33  99999.0      5.7  3863.13  1963.33  1.00000
 1549512   920.63  3863.07  1963.29  99999.0      5.7  3863.07  1963.29  1.00000
 1549579   920.62  3863.00  1963.26  99999.0      5.7  3863.00  1963.26  1.00000
 1549645   920.61  3862.94  1963.23  99999.0      5.7  3862.94  1963.23  1.00000
 1549712   920.60  3862.88  1963.20  99999.0      5.7  3862.88  1963.20  1.00000
 1549778   920.60  3862.81  1963.17  99999.0      5.7  3862.81  1963.17  1.00000
 1549844   920.59  3862.75  1963.13  99999.0      5.7  3862.75  1963.13  1.00000
 1549911   920.58  3862.69  1963.10  99999.0      5.7  3862.69  1963.10  1.00000
 1549977   920.57  3862.63  1963.07  99999.0      5.7  3862.63  1963.07  1.00000
 1550044   920.56  3862.57  1963.04  99999.0      5.7  3862.57  1963.04  1.00000
 1550110   920.56  3862.51  1963.01  99999.0      5.7  3862.51  1963.01  1.00000
 1550177   920.55  3862.45  1962.98  99999.0      5.7  3862.45  1962.98  1.00000
 1550243   920.54  3862.39  1962.94  99999.0      5.7  3862.39  1962.94  1.00000
 1550310   920.53  3862.32  1962.91  99999.0      5.7  3862.32  1962.91  1.00000
 1550376   920.52  3862.26  1962.88  99999.0      5.7  3862.26  1962.88  1.00000
 1550443   920.51  3862.19  1962.85  99999.0      5.7  3862.19  1962.85  1.00000
 1550509   920.50  3862.13  1962.82  99999.0      5.7  3862.13  1962.82  1.00000
 1550576   920.50  3862.07  1962.78  99999.0      5.7  3862.07  1962.78  1.00000
 1550642   920.49  3862.01  1962.75  99999.0      5.7  3862.01  1962.75  1.00000
 1550709   920.48  3861.95  1962.72  99999.0      5.7  3861.95  1962.72  1.00000
 1550775   920.47  3861.89  1962.69  99999.0      5.7  3861.89  1962.69  1.00000
 1550842   920.46  3861.83  1962.66  99999.0      5.7  3861.83  1962.66  1.00000
 1550908   920.46  3861.77  1962.63  99999.0      5.7  3861.77  1962.63  1.00000
 1550974   920.45  3861.70  1962.60  99999.0      5.7  3861.70  1962.60  1.00000
 1551041   920.44  3861.64  1962.57  99999.0      5.7  3861.64  1962.57  1.00000
 1551107   920.43  3861.58  1962.54  99999.0      5.7  3861.58  1962.54  1.00000
 1551174   920.42  3861.51  1962.51  99999.0      5.7  3861.51  1962.51  1.00000
 1551240   920.41  3861.45  1962.47  99999.0      5.7  3861.45  1962.47  1.00000
 1551307   920.41  3861.39  1962.44  99999.0      5.7  3861.39  1962.44  1.00000
 1551373   920.40  3861.33  1962.41  99999.0      5.7  3861.33  1962.41  1.00000
 1551440   920.39  3861.27  1962.38  99999.0      5.7  3861.27  1962.38  1.00000
 1551506   920.38  3861.20  1962.35  99999.0      5.7  3861.20  1962.35  1.00000
 1551573   920.37  3861.14  1962.32  99999.0      5.7  3861.14  1962.32  1.00000
 1551639   920.36  3861.08  1962.28  99999.0      5.7  3861.08  1962.28  1.00000
 1551706   920.36  3861.02  1962.25  99999.0      5.7  3861.02  1962.25  1.00000
 1551772   920.35  3860.96  1962.22  99999.0      5.7  3860.96  1962.22  1.00000
 1551839   920.34  3860.90  1962.19  99999.0      5.7  3860.90  1962.19  1.00000
 1551905   920.33  3860.83  1962.16  99999.0      5.7  3860.83  1962.16  1.00000
 1551972   920.32  3860.77  1962.12  99999.0      5.7  3860.77  1962.12  1.00000
 1552038   920.32  3860.70  1962.09  99999.0      5.7  3860.70  1962.09  1.00000
 1552105   920.31  3860.64  1962.06  99999.0      5.7  3860.64  1962.06  1.00000
 1552171   920.30  3860.58  1962.03  99999.0      5.7  3860.58  1962.03  1.00000
 1552237   920.29  3860.52  1962.00  99999.0      5.7  3860.52  1962.00  1.00000
 1552304   920.28  3860.46  1961.97  99999.0      5.7  3860.46  1961.97  1.00000
 1552370   920.27  3860.40  1961.94  99999.0      5.7  3860.40  1961.94  1.00000
 1552437   920.27  3860.34  1961.91  99999.0      5.7  3860.34  1961.91  1.00000
 1552503   920.26  3860.28  1961.88  99999.0      5.7  3860.28  1961.88  1.00000
 1552570   920.25  3860.22  1961.85  99999.0      5.7  3860.22  1961.85  1.00000
 1552636   920.24  3860.16  1961.82  99999.0      5.7  3860.16  1961.82  1.00000
 1552703   920.23  3860.09  1961.78  99999.0      5.7  3860.09  1961.78  1.00000
 1552769   920.22  3860.03  1961.75  99999.0      5.7  3860.03  1961.75  1.00000
 1552836   920.22  3859.97  1961.72  99999.0      5.7  3859.97  1961.72  1.00000
 1552902   920.21  3859.90  1961.69  99999.0      5.7  3859.90  1961.69  1.00000
 1552969   920.20  3859.84  1961.66  99999.0      5.7  3859.84  1961.66  1.00000
 1553035   920.19  3859.78  1961.62  99999.0      5.7  3859.78  1961.62  1.00000
 1553102   920.18  3859.72  1961.59  99999.0      5.7  3859.72  1961.59  1.00000
 1553168   920.18  3859.66  1961.56  99999.0      5.7  3859.66  1961.56  1.00000
 1553235   920.17  3859.59  1961.53  99999.0      5.7  3859.59  1961.53  1.00000
 1553301   920.16  3859.53  1961.50  99999.0      5.7  3859.53  1961.50  1.00000
 1553367   920.15  3859.47  1961.46  99999.0      5.7  3859.47  1961.46  1.00000
 1553434   920.14  3859.41  1961.43  99999.0      5.7  3859.41  1961.43  1.00000
 1553500   920.13  3859.35  1961.40  99999.0      5.7  3859.35  1961.40  1.00000
 1553567   920.12  3859.29  1961.37  99999.0      5.7  3859.29  1961.37  1.00000
 1553633   920.12  3859.22  1961.34  99999.0      5.7  3859.22  1961.34  1.00000
 1553700   920.11  3859.16  1961.30  99999.0      5.7  3859.16  1961.30  1.00000
 1553766   920.10  3859.09  1961.27  99999.0      5.7  3859.09  1961.27  1.00000
 1553833   920.09  3859.03  1961.24  99999.0      5.7  3859.03  1961.24  1.00000
 1553899   920.08  3858.97  1961.21  99999.0      5.7  3858.97  1961.21  1.00000
 1553966   920.08  3858.91  1961.18  99999.0      5.7  3858.91  1961.18  1.00000
 1554032   920.07  3858.85  1961.15  99999.0      5.7  3858.85  1961.15  1.00000
 1554099   920.06  3858.79  1961.12  99999.0      5.7  3858.79  1961.12  1.00000
 1554165   920.05  3858.73  1961.09  99999.0      5.7  3858.73  1961.09  1.00000
 1554232   920.04  3858.67  1961.06  99999.0      5.7  3858.67  1961.06  1.00000
 1554298   920.03  3858.60  1961.03  99999.0      5.7  3858.60  1961.03  1.00000
 1554365   920.03  3858.54  1961.00  99999.0      5.7  3858.54  1961.00  1.00000
 1554431   920.02  3858.48  1960.96  99999.0      5.7  3858.48  1960.96  1.00000
 1554497   920.01  3858.41  1960.93  99999.0      5.7  3858.41  1960.93  1.00000
 1554564   920.00  3858.35  1960.90  99999.0      5.7  3858.35  1960.90  1.00000
 1554630   919.99  3858.29  1960.87  99999.0      5.7  3858.29  1960.87  1.00000
 1554697   919.98  3858.23  1960.84  99999.0      5.7  3858.23  1960.84  1.00000
 1554763   919.98  3858.17  1960.80  99999.0      5.7  3858.17  1960.80  1.00000
 1554830   919.97  3858.11  1960.77  99999.0      5.7  3858.11  1960.77  1.00000
 1554896   919.96  3858.05  1960.74  99999.0      5.7  3858.05  1960.74  1.00000
 1554963   919.95  3857.98  1960.71  99999.0      5.7  3857.98  1960.71  1.00000
 1555029   919.94  3857.92  1960.68  99999.0      5.7  3857.92  1960.68  1.00000
 1555096   919.94  3857.86  1960.64  99999.0      5.7  3857.86  1960.64  1.00000
 1555162   919.93  3857.80  1960.61  99999.0      5.7  3857.80  1960.61  1.00000
 1555229   919.92  3857.74  1960.58  99999.0      5.7  3857.74  1960.58  1.00000
 1555295   919.91  3857.68  1960.55  99999.0      5.7  3857.68  1960.55  1.00000
 1555362   919.90  3857.61  1960.52  99999.0      5.7  3857.61  1960.52  1.00000
 1555428   919.89  3857.55  1960.48  99999.0      5.7  3857.55  1960.48  1.00000
 1555495   919.89  3857.49  1960.45  99999.0      5.7  3857.49  1960.45  1.00000
 1555561   919.88  3857.42  1960.42  99999.0      5.7  3857.42  1960.42  1.00000
 1555628   919.87  3857.36  1960.39  99999.0      5.7  3857.36  1960.39  1.00000
 1555694   919.86  3857.30  1960.37  99999.0      5.7  3857.30  1960.37  1.00000
 1555760   919.85  3857.24  1960.34  99999.0      5.7  3857.24  1960.34  1.00000
 1555827   919.84  3857.18  1960.30  99999.0      5.7  3857.18  1960.30  1.00000
 1555893   919.84  3857.12  1960.27  99999.0      5.7  3857.12  1960.27  1.00000
 1555960   919.83  3857.06  1960.24  99999.0      5.7  3857.06  1960.24  1.00000
 1556026   919.82  3857.00  1960.21  99999.0      5.7  3857.00  1960.21  1.00000
 1556093   919.81  3856.93  1960.18  99999.0      5.7  3856.93  1960.18  1.00000
 1556159   919.80  3856.87  1960.14  99999.0      5.7  3856.87  1960.14  1.00000
 1556226   919.80  3856.80  1960.11  99999.0      5.7  3856.80  1960.11  1.00000
 1556292   919.79  3856.74  1960.08  99999.0      5.7  3856.74  1960.08  1.00000
 1556359   919.78  3856.68  1960.05  99999.0      5.7  3856.68  1960.05  1.00000
 1556425   919.77  3856.62  1960.02  99999.0      5.7  3856.62  1960.02  1.00000
 1556492   919.76  3856.56  1959.98  99999.0      5.7  3856.56  1959.98  1.00000
 1556558   919.75  3856.50  1959.95  99999.0      5.7  3856.50  1959.95  1.00000
 1556625   919.75  3856.44  1959.92  99999.0      5.7  3856.44  1959.92  1.00000
 1556691   919.74  3856.37  1959.89  99999.0      5.7  3856.37  1959.89  1.00000
 1556758   919.73  3856.31  1959.86  99999.0      5.7  3856.31  1959.86  1.00000
 1556824   919.72  3856.25  1959.82  99999.0      5.7  3856.25  1959.82  1.00000
 1556890   919.71  3856.19  1959.79  99999.0      5.7  3856.19  1959.79  1.00000
 1556957   919.70  3856.13  1959.76  99999.0      5.7  3856.13  1959.76  1.00000
 1557023   919.70  3856.07  1959.73  99999.0      5.7  3856.07  1959.73  1.00000
 1557090   919.69  3856.00  1959.70  99999.0      5.7  3856.00  1959.70  1.00000
 1557156   919.68  3855.94  1959.67  99999.0      5.7  3855.94  1959.67  1.00000
 1557223   919.67  3855.88  1959.64  99999.0      5.7  3855.88  1959.64  1.00000
 1557289   919.66  3855.81  1959.61  99999.0      5.7  3855.81  1959.61  1.00000
 1557356   919.65  3855.75  1959.58  99999.0      5.7  3855.75  1959.58  1.00000
 1557422   919.65  3855.69  1959.55  99999.0      5.7  3855.69  1959.55  1.00000
 1557489   919.64  3855.63  1959.52  99999.0      5.7  3855.63  1959.52  1.00000
 1557555   919.63  3855.57  1959.48  99999.0      5.7  3855.57  1959.48  1.00000
 1557622   919.62  3855.51  1959.45  99999.0      5.7  3855.51  1959.45  1.00000
 1557688   919.61  3855.45  1959.42  99999.0      5.7  3855.45  1959.42  1.00000
 1557755   919.61  3855.39  1959.39  99999.0      5.7  3855.39  1959.39  1.00000
 1557821   919.60  3855.32  1959.36  99999.0      5.7  3855.32  1959.36  1.00000
 1557888   919.59  3855.26  1959.32  99999.0      5.7  3855.26  1959.32  1.00000
 1557954   919.58  3855.20  1959.29  99999.0      5.7  3855.20  1959.29  1.00000
 1558020   919.57  3855.14  1959.26  99999.0      5.7  3855.14  1959.26  1.00000
 1558087   919.56  3855.08  1959.23  99999.0      5.7  3855.08  1959.23  1.00000
 1558153   919.56  3855.01  1959.20  99999.0      5.7  3855.01  1959.20  1.00000
 1558220   919.55  3854.95  1959.16  99999.0      5.7  3854.95  1959.16  1.00000
 1558286   919.54  3854.89  1959.13  99999.0      5.7  3854.89  1959.13  1.00000
 1558353   919.53  3854.82  1959.10  99999.0      5.7  3854.82  1959.10  1.00000
 1558419   919.52  3854.76  1959.08  99999.0      5.7  3854.76  1959.08  1.00000
 1558486   919.51  3854.70  1959.05  99999.0      5.7  3854.70  1959.05  1.00000
 1558552   919.51  3854.64  1959.02  99999.0      5.7  3854.64  1959.02  1.00000
 1558619   919.50  3854.58  1958.98  99999.0      5.7  3854.58  1958.98  1.00000
 1558685   919.49  3854.52  1958.95  99999.0      5.7  3854.52  1958.95  1.00000
 1558752   919.48  3854.46  1958.92  99999.0      5.7  3854.46  1958.92  1.00000
 1558818   919.47  3854.40  1958.89  99999.0      5.7  3854.40  1958.89  1.00000
 1558885   919.47  3854.34  1958.86  99999.0      5.7  3854.34  1958.86  1.00000
 1558951   919.46  3854.28  1958.82  99999.0      5.7  3854.28  1958.82  1.00000
 1559018   919.45  3854.21  1958.79  99999.0      5.7  3854.21  1958.79  1.00000
 1559084   919.44  3854.15  1958.76  99999.0      5.7  3854.15  1958.76  1.00000
 1559151   919.43  3854.09  1958.73  99999.0      5.7  3854.09  1958.73  1.00000
 1559217   919.42  3854.02  1958.70  99999.0      5.7  3854.02  1958.70  1.00000
 1559283   919.42  3853.96  1958.66  99999.0      5.7  3853.96  1958.66  1.00000
 1559350   919.41  3853.90  1958.63  99999.0      5.7  3853.90  1958.63  1.00000
 1559416   919.40  3853.84  1958.60  99999.0      5.7  3853.84  1958.60  1.00000
 1559483   919.39  3853.78  1958.57  99999.0      5.7  3853.78  1958.57  1.00000
 1559549   919.38  3853.71  1958.54  99999.0      5.7  3853.71  1958.54  1.00000
 1559616   919.37  3853.65  1958.50  99999.0      5.7  3853.65  1958.50  1.00000
 1559682   919.37  3853.59  1958.47  99999.0      5.7  3853.59  1958.47  1.00000
 1559749   919.36  3853.53  1958.44  99999.0      5.7  3853.53  1958.44  1.00000
 1559815   919.35  3853.47  1958.41  99999.0      5.7  3853.47  1958.41  1.00000
 1559882   919.34  3853.41  1958.38  99999.0      5.7  3853.41  1958.38  1.00000
 1559948   919.33  3853.35  1958.35  99999.0      5.7  3853.35  1958.35  1.00000
 1560015   919.33  3853.29  1958.32  99999.0      5.7  3853.29  1958.32  1.00000
 1560081   919.32  3853.22  1958.29  99999.0      5.7  3853.22  1958.29  1.00000
 1560148   919.31  3853.16  1958.26  99999.0      5.7  3853.16  1958.26  1.00000
 1560214   919.30  3853.09  1958.23  99999.0      5.7  3853.09  1958.23  1.00000
 1560281   919.29  3853.03  1958.20  99999.0      5.7  3853.03  1958.20  1.00000
 1560347   919.28  3852.97  1958.16  99999.0      5.7  3852.97  1958.16  1.00000
 1560413   919.28  3852.91  1958.13  99999.0      5.7  3852.91  1958.13  1.00000
 1560480   919.27  3852.85  1958.10  99999.0      5.7  3852.85  1958.10  1.00000
 1560546   919.26  3852.79  1958.07  99999.0      5.7  3852.79  1958.07  1.00000
 1560613   919.25  3852.73  1958.04  99999.0      5.7  3852.73  1958.04  1.00000
 1560679   919.24  3852.66  1958.00  99999.0      5.7  3852.66  1958.00  1.00000
 1560746   919.23  3852.60  1957.97  99999.0      5.7  3852.60  1957.97  1.00000
 1560812   919.23  3852.54  1957.94  99999.0      5.7  3852.54  1957.94  1.00000
 1560879   919.22  3852.48  1957.91  99999.0      5.7  3852.48  1957.91  1.00000
 1560945   919.21  3852.42  1957.88  99999.0      5.7  3852.42  1957.88  1.00000
 1561012   919.20  3852.36  1957.84  99999.0      5.7  3852.36  1957.84  1.00000
 1561078   919.19  3852.28  1957.81  99999.0      5.7  3852.28  1957.81  1.00000
 1561145   919.18  3852.20  1957.77  99999.0      5.7  3852.20  1957.77  1.00000
 1561211   919.17  3852.14  1957.74  99999.0      5.7  3852.14  1957.74  1.00000
 1561278   919.23  3853.18  1958.28  99999.0      5.8  3853.18  1958.28  1.00000
 1561344   919.76  3862.40  1962.96  99999.0      6.3  3862.40  1962.96  1.00000
 1561411   920.55  3876.30  1970.02  99999.0      7.0  3876.30  1970.02  1.00000
 1561477   921.26  3888.97  1976.46  99999.0      7.7  3888.97  1976.46  1.00000
 1561543   921.67  3896.38  1980.22  99999.0      8.2  3896.38  1980.22  1.00000
 1561610   921.98  3902.03  1983.09  99999.0      8.7  3902.03  1983.09  1.00000
 1561676   922.26  3907.05  1985.64  99999.0      9.1  3907.05  1985.64  1.00000
 1561743   922.53  3912.16  1988.23  99999.0      9.5  3912.16  1988.23  1.00000
 1561809   922.83  3917.64  1991.02  99999.0     10.1  3917.64  1991.02  1.00000
 1561876   923.12  3923.12  1993.81  99999.0     10.6  3923.12  1993.81  1.00000
 1561942   923.41  3928.58  1996.59  99999.0     11.2  3928.58  1996.59  1.00000
 1562009   923.70  3934.02  1999.35  99999.0     11.9  3934.02  1999.35  1.00000
 1562075   923.99  3939.44  2002.11  99999.0     12.6  3939.44  2002.11  1.00000
 1562142   924.27  3944.84  2004.85  99999.0     13.4  3944.84  2004.85  1.00000
 1562208   924.55  3950.22  2007.58  99999.0     14.2  3950.22  2007.58  1.00000
 1562275   924.83  3955.56  2010.30  99999.0     15.2  3955.56  2010.30  1.00000
 1562341   925.10  3960.88  2013.00  99999.0     16.2  3960.88  2013.00  1.00000
 1562408   925.38  3966.16  2015.69  99999.0     17.3  3966.16  2015.69  1.00000
 1562474   925.65  3971.41  2018.35  99999.0     18.5  3971.41  2018.35  1.00000
 1562541   925.91  3976.63  2021.00  99999.0     19.8  3976.63  2021.00  1.00000
 1562607   926.17  3981.81  2023.64  99999.0     21.3  3981.81  2023.64  1.00000
 1562673   926.43  3986.95  2026.25  99999.0     22.9  3986.95  2026.25  1.00000
 1562740   926.69  3992.05  2028.84  99999.0     24.7  3992.05  2028.84  1.00000
 1562806   926.94  3997.09  2031.41  99999.0     26.7  3997.09  2031.41  1.00000
 1562873   927.19  4002.09  2033.95  99999.0     28.9  4002.09  2033.95  1.00000
 1562939   927.43  4007.05  2036.46  99999.0     31.4  4007.05  2036.46  1.00000
 1563006   927.68  4011.94  2038.95  99999.0     34.1  4011.94  2038.95  1.00000
 1563072   927.91  4016.78  2041.41  99999.0     37.2  4016.78  2041.41  1.00000
 1563139   928.15  4021.56  2043.84  99999.0     40.7  4021.56  2043.84  1.00000
 1563205   928.38  4026.28  2046.24  99999.0     44.6  4026.28  2046.24  1.00000
 1563272   928.60  4030.93  2048.60  99999.0     49.0  4030.93  2048.60  1.00000
 1563338   928.82  4035.52  2050.93  99999.0     54.1  4035.52  2050.93  1.00000
 1563405   929.04  4040.05  2053.24  99999.0     59.9  4040.05  2053.24  1.00000
 1563471   929.25  4044.50  2055.50  99999.0     66.4  4044.50  2055.50  1.00000
 1563538   929.46  4048.86  2057.72  99999.0     73.9  4048.86  2057.72  1.00000
 1563604   929.66  4053.17  2059.91  99999.0     82.6  4053.17  2059.91  1.00000
 1563671   929.86  4057.39  2062.05  99999.0     92.7  4057.39  2062.05  1.00000
 1563737   930.05  4061.53  2064.16  99999.0    104.3  4061.53  2064.16  1.00000
 1563804   930.24  4065.59  2066.22  99999.0    117.9  4065.59  2066.22  1.00000
 1563870   930.43  4069.56  2068.24  99999.0    134.0  4069.56  2068.24  1.00000
 1563936   930.60  4073.45  2070.22  99999.0    152.9  4073.45  2070.22  1.00000
 1564003   930.78  4077.24  2072.14  99999.0    175.0  4077.24  2072.14  1.00000
 1564069   930.95  4080.94  2074.02  99999.0    201.6  4080.94  2074.02  1.00000
 1564136   931.11  4084.56  2075.86  99999.0    233.9  4084.56  2075.86  1.00000
 1564202   931.27  4088.08  2077.64  99999.0    272.7  4088.08  2077.64  1.00000
 1564269   931.42  4091.48  2079.37  99999.0    318.6  4091.48  2079.37  1.00000
 1564335   931.56  4094.80  2081.06  99999.0    376.1  4094.80  2081.06  1.00000
 1564402   931.70  4098.03  2082.70  99999.0    447.9  4098.03  2082.70  1.00000
 1564468   931.84  4101.14  2084.28  99999.0    535.5  4101.14  2084.28  1.00000
 1564535   931.97  4104.14  2085.81  99999.0    642.6  4104.14  2085.81  1.00000
 1564601   932.09  4107.05  2087.29  99999.0    783.4  4107.05  2087.29  1.00000
 1564668   932.21  4109.86  2088.72  99999.0    964.2  4109.86  2088.72  1.00000
 1564734   932.32  4112.56  2090.09  99999.0   1189.2  4112.56  2090.09  1.00000
 1564801   932.43  4115.13  2091.40  99999.0   1492.6  4115.13  2091.40  1.00000
 1564867   932.53  4117.60  2092.66  99999.0   1930.6  4117.60  2092.66  1.00000
 1564934   932.63  4119.98  2093.86  99999.0   2475.1  4119.98  2093.86  1.00000
 1565000   932.72  4122.24  2095.01  99999.0   3095.0  4122.24  2095.01  1.00000
