aicecold_20km_prem.txt
  1    1.000000  1
800 300 500 0
       0  8237.00  5375.24  2852.01  99999.0  10000.0  5375.24  2852.01  1.00000
    4776  8236.98  5375.23  2852.00  99999.0  10000.0  5375.23  2852.00  1.00000
    9551  8236.92  5375.19  2851.99  99999.0  10000.0  5375.19  2851.99  1.00000
   14327  8236.82  5375.14  2851.97  99999.0  10000.0  5375.14  2851.97  1.00000
   19102  8236.68  5375.07  2851.93  99999.0  10000.0  5375.07  2851.93  1.00000
   23878  8236.48  5374.97  2851.89  99999.0  10000.0  5374.97  2851.89  1.00000
   28653  8236.26  5374.86  2851.84  99999.0  10000.0  5374.86  2851.84  1.00000
   33429  8235.99  5374.72  2851.77  99999.0  10000.0  5374.72  2851.77  1.00000
   38204  8235.68  5374.56  2851.70  99999.0  10000.0  5374.56  2851.70  1.00000
   42980  8235.33  5374.39  2851.62  99999.0  10000.0  5374.39  2851.62  1.00000
   47755  8234.95  5374.19  2851.53  99999.0  10000.0  5374.19  2851.53  1.00000
   52531  8234.52  5373.97  2851.43  99999.0  10000.0  5373.97  2851.43  1.00000
   57306  8234.04  5373.73  2851.33  99999.0  10000.0  5373.73  2851.33  1.00000
   62082  8233.53  5373.47  2851.21  99999.0  10000.0  5373.47  2851.21  1.00000
   66857  8232.98  5373.19  2851.07  99999.0  10000.0  5373.19  2851.07  1.00000
   71633  8232.38  5372.88  2850.94  99999.0  10000.0  5372.88  2850.94  1.00000
   76408  8231.74  5372.56  2850.79  99999.0  10000.0  5372.56  2850.79  1.00000
   81184  8231.07  5372.22  2850.64  99999.0  10000.0  5372.22  2850.64  1.00000
   85959  8230.35  5371.85  2850.47  99999.0  10000.0  5371.85  2850.47  1.00000
   90735  8229.59  5371.46  2850.30  99999.0  10000.0  5371.46  2850.30  1.00000
   95510  8228.79  5371.06  2850.11  99999.0  10000.0  5371.06  2850.11  1.00000
  100286  8227.95  5370.63  2849.92  99999.0  10000.0  5370.63  2849.92  1.00000
  105061  8227.07  5370.17  2849.72  99999.0  10000.0  5370.17  2849.72  1.00000
  109837  8226.15  5369.71  2849.50  99999.0  10000.0  5369.71  2849.50  1.00000
  114612  8225.19  5369.22  2849.28  99999.0  10000.0  5369.22  2849.28  1.00000
  119388  8224.18  5368.70  2849.04  99999.0  10000.0  5368.70  2849.04  1.00000
  124163  8223.14  5368.17  2848.80  99999.0  10000.0  5368.17  2848.80  1.00000
  128939  8222.05  5367.62  2848.55  99999.0  10000.0  5367.62  2848.55  1.00000
  133714  8220.93  5367.04  2848.29  99999.0  10000.0  5367.04  2848.29  1.00000
  138490  8219.76  5366.44  2848.02  99999.0  10000.0  5366.44  2848.02  1.00000
  143265  8218.56  5365.83  2847.74  99999.0  10000.0  5365.83  2847.74  1.00000
  148041  8217.31  5365.18  2847.45  99999.0  10000.0  5365.18  2847.45  1.00000
  152816  8216.02  5364.53  2847.15  99999.0  10000.0  5364.53  2847.15  1.00000
  157592  8214.69  5363.85  2846.84  99999.0  10000.0  5363.85  2846.84  1.00000
  162367  8213.32  5363.15  2846.52  99999.0  10000.0  5363.15  2846.52  1.00000
  167143  8211.91  5362.43  2846.19  99999.0  10000.0  5362.43  2846.19  1.00000
  171918  8210.46  5361.68  2845.86  99999.0  10000.0  5361.68  2845.86  1.00000
  176694  8208.97  5360.92  2845.50  99999.0  10000.0  5360.92  2845.50  1.00000
  181469  8207.44  5360.12  2845.15  99999.0  10000.0  5360.12  2845.15  1.00000
  186245  8205.86  5359.32  2844.78  99999.0  10000.0  5359.32  2844.78  1.00000
  191020  8204.25  5358.50  2844.41  99999.0  10000.0  5358.50  2844.41  1.00000
  195796  8202.60  5357.64  2844.03  99999.0  10000.0  5357.64  2844.03  1.00000
  200571  8200.90  5356.77  2843.62  99999.0  10000.0  5356.77  2843.62  1.00000
  205347  8199.18  5355.88  2843.22  99999.0  10000.0  5355.88  2843.22  1.00000
  210122  8197.40  5354.97  2842.81  99999.0  10000.0  5354.97  2842.81  1.00000
  214898  8195.58  5354.03  2842.38  99999.0  10000.0  5354.03  2842.38  1.00000
  219673  8193.73  5353.07  2841.95  99999.0  10000.0  5353.07  2841.95  1.00000
  224449  8191.83  5352.09  2841.50  99999.0  10000.0  5352.09  2841.50  1.00000
  229224  8189.90  5351.10  2841.05  99999.0  10000.0  5351.10  2841.05  1.00000
  234000  8187.92  5350.07  2840.59  99999.0  10000.0  5350.07  2840.59  1.00000
  238775  8185.90  5349.02  2840.12  99999.0  10000.0  5349.02  2840.12  1.00000
  243551  8183.85  5347.97  2839.63  99999.0  10000.0  5347.97  2839.63  1.00000
  248326  8181.75  5346.88  2839.14  99999.0  10000.0  5346.88  2839.14  1.00000
  253102  8179.62  5345.77  2838.64  99999.0  10000.0  5345.77  2838.64  1.00000
  257877  8177.43  5344.64  2838.12  99999.0  10000.0  5344.64  2838.12  1.00000
  262653  8175.22  5343.49  2837.60  99999.0  10000.0  5343.49  2837.60  1.00000
  267428  8172.96  5342.32  2837.07  99999.0  10000.0  5342.32  2837.07  1.00000
  272204  8170.66  5341.12  2836.52  99999.0  10000.0  5341.12  2836.52  1.00000
  276979  8168.33  5339.91  2835.98  99999.0  10000.0  5339.91  2835.98  1.00000
  281755  8165.95  5338.67  2835.42  99999.0  10000.0  5338.67  2835.42  1.00000
  286530  8163.53  5337.41  2834.85  99999.0  10000.0  5337.41  2834.85  1.00000
  291306  8161.08  5336.14  2834.26  99999.0  10000.0  5336.14  2834.26  1.00000
  296081  8158.58  5334.83  2833.67  99999.0  10000.0  5334.83  2833.67  1.00000
  300857  8156.05  5333.50  2833.07  99999.0  10000.0  5333.50  2833.07  1.00000
  305632  8153.47  5332.15  2832.46  99999.0  10000.0  5332.15  2832.46  1.00000
  310408  8150.85  5330.79  2831.84  99999.0  10000.0  5330.79  2831.84  1.00000
  315183  8148.20  5329.40  2831.21  99999.0  10000.0  5329.40  2831.21  1.00000
  319959  8145.50  5327.98  2830.58  99999.0  10000.0  5327.98  2830.58  1.00000
  324734  8142.77  5326.54  2829.92  99999.0  10000.0  5326.54  2829.92  1.00000
  329510  8139.99  5325.10  2829.26  99999.0  10000.0  5325.10  2829.26  1.00000
  334285  8137.18  5323.61  2828.59  99999.0  10000.0  5323.61  2828.59  1.00000
  339061  8134.32  5322.11  2827.91  99999.0  10000.0  5322.11  2827.91  1.00000
  343836  8131.44  5320.59  2827.22  99999.0  10000.0  5320.59  2827.22  1.00000
  348612  8128.50  5319.04  2826.52  99999.0  10000.0  5319.04  2826.52  1.00000
  353387  8125.53  5317.48  2825.81  99999.0  10000.0  5317.48  2825.81  1.00000
  358163  8122.52  5315.89  2825.08  99999.0  10000.0  5315.89  2825.08  1.00000
  362938  8119.47  5314.27  2824.36  99999.0  10000.0  5314.27  2824.36  1.00000
  367714  8116.38  5312.63  2823.62  99999.0  10000.0  5312.63  2823.62  1.00000
  372489  8113.25  5310.98  2822.86  99999.0  10000.0  5310.98  2822.86  1.00000
  377265  8110.08  5309.30  2822.10  99999.0  10000.0  5309.30  2822.10  1.00000
  382040  8106.88  5307.60  2821.33  99999.0  10000.0  5307.60  2821.33  1.00000
  386816  8103.64  5305.87  2820.55  99999.0  10000.0  5305.87  2820.55  1.00000
  391591  8100.35  5304.12  2819.76  99999.0  10000.0  5304.12  2819.76  1.00000
  396367  8097.03  5302.35  2818.95  99999.0  10000.0  5302.35  2818.95  1.00000
  401142  8093.66  5300.56  2818.14  99999.0  10000.0  5300.56  2818.14  1.00000
  405918  8090.26  5298.74  2817.32  99999.0  10000.0  5298.74  2817.32  1.00000
  410693  8086.82  5296.90  2816.49  99999.0  10000.0  5296.90  2816.49  1.00000
  415469  8083.34  5295.04  2815.65  99999.0  10000.0  5295.04  2815.65  1.00000
  420244  8079.82  5293.15  2814.79  99999.0  10000.0  5293.15  2814.79  1.00000
  425020  3511.33  7848.20  4384.59  99999.0    834.4  7848.20  4384.59  1.00000
  429795  3511.42  7849.19  4385.52  99999.0    842.7  7849.19  4385.52  1.00000
  434571  3511.49  7850.09  4386.43  99999.0    851.8  7850.09  4386.43  1.00000
  439346  3506.00  7823.88  4376.48  99999.0    861.2  7823.88  4376.48  1.00000
  444122  3506.09  7824.85  4377.42  99999.0    870.9  7824.85  4377.42  1.00000
  448897  3511.74  7852.89  4389.23  99999.0    881.0  7852.89  4389.23  1.00000
  453673  3511.86  7853.94  4390.23  99999.0    891.3  7853.94  4390.23  1.00000
  458448  3511.98  7855.01  4391.23  99999.0    902.0  7855.01  4391.23  1.00000
  463224  3512.10  7856.05  4392.23  99999.0    912.8  7856.05  4392.23  1.00000
  467999  3512.22  7857.11  4393.23  99999.0    924.1  7857.11  4393.23  1.00000
  472775  3506.80  7831.31  4383.41  99999.0    935.8  7831.31  4383.41  1.00000
  477550  3506.91  7832.34  4384.42  99999.0    947.7  7832.34  4384.42  1.00000
  482326  3507.02  7833.35  4385.42  99999.0    960.0  7833.35  4385.42  1.00000
  487101  3507.13  7834.35  4386.42  99999.0    972.7  7834.35  4386.42  1.00000
  491877  3507.25  7835.35  4387.43  99999.0    985.9  7835.35  4387.43  1.00000
  496652  3512.96  7863.59  4399.65  99999.0    999.4  7863.59  4399.65  1.00000
  501428  3507.47  7837.36  4389.48  99999.0   1013.0  7837.36  4389.48  1.00000
  506203  3507.58  7838.38  4390.51  99999.0   1027.9  7838.38  4390.51  1.00000
  510979  3507.68  7839.37  4391.53  99999.0   1042.0  7839.37  4391.53  1.00000
  515754  3507.78  7840.33  4392.51  99999.0   1058.0  7840.33  4392.51  1.00000
  520530  3507.88  7841.27  4393.48  99999.0   1073.1  7841.27  4393.48  1.00000
  525305  3507.98  7842.18  4394.41  99999.0   1089.2  7842.18  4394.41  1.00000
  530081  3502.46  7816.09  4384.58  99999.0   1106.3  7816.09  4384.58  1.00000
  534856  3502.56  7816.99  4385.54  99999.0   1123.4  7816.99  4385.54  1.00000
  539632  3508.21  7844.77  4397.22  99999.0   1140.0  7844.77  4397.22  1.00000
  544407  3508.28  7845.67  4398.22  99999.0   1157.6  7845.67  4398.22  1.00000
  549183  3508.36  7846.58  4399.23  99999.0   1174.7  7846.58  4399.23  1.00000
  553958  3508.43  7847.47  4400.24  99999.0   1193.9  7847.47  4400.24  1.00000
  558734  3502.92  7820.87  4389.96  99999.0   1211.9  7820.87  4389.96  1.00000
  563509  3502.97  7821.65  4390.86  99999.0   1232.0  7821.65  4390.86  1.00000
  568285  3503.03  7822.44  4391.76  99999.0   1252.1  7822.44  4391.76  1.00000
  573060  3503.08  7823.23  4392.66  99999.0   1273.3  7823.23  4392.66  1.00000
  577836  3508.80  7851.58  4404.96  99999.0   1294.3  7851.58  4404.96  1.00000
  582611  3508.87  7852.39  4405.90  99999.0   1316.4  7852.39  4405.90  1.00000
  587387  3503.30  7825.86  4395.63  99999.0   1339.5  7825.86  4395.63  1.00000
  592162  3503.37  7826.72  4396.65  99999.0   1363.7  7826.72  4396.65  1.00000
  596938  3503.44  7827.53  4397.63  99999.0   1387.8  7827.53  4397.63  1.00000
  601713  3503.50  7828.30  4398.57  99999.0   1412.8  7828.30  4398.57  1.00000
  606489  3503.56  7829.04  4399.48  99999.0   1439.9  7829.04  4399.48  1.00000
  611264  3498.00  7802.87  4389.76  99999.0   1467.1  7802.87  4389.76  1.00000
  616040  3503.67  7830.54  4401.25  99999.0   1495.2  7830.54  4401.25  1.00000
  620815  3503.75  7831.41  4402.22  99999.0   1523.4  7831.41  4402.22  1.00000
  625591  3503.83  7832.30  4403.20  99999.0   1553.6  7832.30  4403.20  1.00000
  630366  3503.91  7833.18  4404.18  99999.0   1584.8  7833.18  4404.18  1.00000
  635142  3503.98  7834.06  4405.16  99999.0   1617.1  7834.06  4405.16  1.00000
  639917  3498.31  7807.37  4395.47  99999.0   1650.6  7807.37  4395.47  1.00000
  644693  3498.38  7808.22  4396.46  99999.0   1685.5  7808.22  4396.46  1.00000
  649468  3498.45  7809.06  4397.43  99999.0   1721.7  7809.06  4397.43  1.00000
  654244  3504.18  7837.17  4409.14  99999.0   1758.9  7837.17  4409.14  1.00000
  659019  3504.22  7837.89  4410.14  99999.0   1797.2  7837.89  4410.14  1.00000
  663795  3504.26  7838.63  4411.15  99999.0   1837.4  7838.63  4411.15  1.00000
  668570  3498.62  7812.21  4401.46  99999.0   1878.8  7812.21  4401.46  1.00000
  673346  3498.64  7812.89  4402.49  99999.0   1922.1  7812.89  4402.49  1.00000
  678121  3498.65  7813.59  4403.51  99999.0   1967.0  7813.59  4403.51  1.00000
  682897  3502.26  7831.49  4411.21  99999.0   2013.8  7831.49  4411.21  1.00000
  687672  3504.41  7842.37  4416.14  99999.0   2062.1  7842.37  4416.14  1.00000
  692448  3504.44  7843.13  4417.15  99999.0   2112.4  7843.13  4417.15  1.00000
  697223  3498.74  7816.37  4407.45  99999.0   2164.7  7816.37  4407.45  1.00000
  701999  3498.76  7816.92  4408.27  99999.0   2219.0  7816.92  4408.27  1.00000
  706774  3498.76  7817.39  4409.03  99999.0   2275.3  7817.39  4409.03  1.00000
  711550  3498.75  7817.77  4409.74  99999.0   2334.6  7817.77  4409.74  1.00000
  716325  3504.34  7845.32  4421.12  99999.0   2395.9  7845.32  4421.12  1.00000
  721101  3498.74  7818.69  4411.30  99999.0   2459.6  7818.69  4411.30  1.00000
  725876  3498.75  7819.37  4412.31  99999.0   2526.5  7819.37  4412.31  1.00000
  730652  3498.76  7820.04  4413.30  99999.0   2595.8  7820.04  4413.30  1.00000
  735427  3498.77  7820.72  4414.31  99999.0   2668.1  7820.72  4414.31  1.00000
  740203  3498.78  7821.39  4415.31  99999.0   2744.1  7821.39  4415.31  1.00000
  744978  3498.79  7822.06  4416.32  99999.0   2822.7  7822.06  4416.32  1.00000
  749754  3498.74  7822.44  4417.21  99999.0   2902.1  7822.44  4417.21  1.00000
  754529  3498.68  7822.81  4418.10  99999.0   2983.5  7822.81  4418.10  1.00000
  759305  3498.61  7823.17  4418.98  99999.0   3069.9  7823.17  4418.98  1.00000
  764080  3498.55  7823.55  4419.87  99999.0   3158.5  7823.55  4419.87  1.00000
  768856  3498.49  7823.91  4420.76  99999.0   3253.1  7823.91  4420.76  1.00000
  773631  3493.10  7798.26  4411.53  99999.0   3350.6  7798.26  4411.53  1.00000
  778407  3498.45  7825.19  4422.90  99999.0   3452.8  7825.19  4422.90  1.00000
  783182  3498.45  7825.90  4424.02  99999.0   3559.6  7825.90  4424.02  1.00000
  787958  3498.45  7826.60  4425.15  99999.0   3672.0  7826.60  4425.15  1.00000
  792733  3498.45  7827.31  4426.29  99999.0   3789.6  7827.31  4426.29  1.00000
  797509  3492.74  7799.89  4416.01  99999.0   3912.2  7799.89  4416.01  1.00000
  802284  3492.73  7800.57  4417.15  99999.0   4041.0  7800.57  4417.15  1.00000
  807060  3498.40  7828.98  4429.38  99999.0   4176.7  7828.98  4429.38  1.00000
  811835  3498.37  7829.47  4430.38  99999.0   4318.4  7829.47  4430.38  1.00000
  816611  3498.34  7829.97  4431.38  99999.0   4467.5  7829.97  4431.38  1.00000
  821386  3498.31  7830.47  4432.38  99999.0   4623.9  7830.47  4432.38  1.00000
  826162  3492.65  7803.78  4422.70  99999.0   4788.8  7803.78  4422.70  1.00000
  830937  3498.24  7831.50  4434.37  99999.0   4961.7  7831.50  4434.37  1.00000
  835713  3498.18  7831.88  4435.25  99999.0   5143.6  7831.88  4435.25  1.00000
  840488  3498.10  7832.13  4436.07  99999.0   5335.5  7832.13  4436.07  1.00000
  845264  3498.01  7832.28  4436.80  99999.0   5537.6  7832.28  4436.80  1.00000
  850039  3492.40  7805.68  4427.17  99999.0   5750.7  7805.68  4427.17  1.00000
  854815  3492.31  7805.88  4427.95  99999.0   5976.2  7805.88  4427.95  1.00000
  859590  3497.78  7832.99  4439.24  99999.0   6212.6  7832.99  4439.24  1.00000
  864366  3497.73  7833.45  4440.23  99999.0   6463.5  7833.45  4440.23  1.00000
  869141  3497.68  7833.92  4441.23  99999.0   6727.8  7833.92  4441.23  1.00000
  873917  3492.01  7807.03  4431.60  99999.0   7008.0  7807.03  4431.60  1.00000
  878692  3491.95  7807.48  4432.60  99999.0   7305.3  7807.48  4432.60  1.00000
  883468  3497.52  7835.25  4444.21  99999.0   7618.8  7835.25  4444.21  1.00000
  888243  3497.46  7835.68  4445.21  99999.0   7951.5  7835.68  4445.21  1.00000
  893019  3497.40  7836.12  4446.20  99999.0   8304.4  7836.12  4446.20  1.00000
  897794  3491.72  7809.20  4436.61  99999.0   8678.7  7809.20  4436.61  1.00000
  902570  3491.65  7809.62  4437.60  99999.0   9076.9  7809.62  4437.60  1.00000
  907345  3491.59  7810.02  4438.60  99999.0   9499.8  7810.02  4438.60  1.00000
  912121  3497.08  7836.99  4449.80  99999.0   9949.5  7836.99  4449.80  1.00000
  916896  3496.99  7837.13  4450.68  99999.0  10427.0  7837.13  4450.68  1.00000
  921672  3491.37  7811.14  4441.57  99999.0  10940.6  7811.14  4441.57  1.00000
  926447  3491.26  7811.15  4442.34  99999.0  11483.7  7811.15  4442.34  1.00000
  931223  3491.16  7811.11  4443.07  99999.0  12066.7  7811.11  4443.07  1.00000
  935998  3496.65  7838.03  4454.43  99999.0  12689.8  7838.03  4454.43  1.00000
  940774  3496.56  7838.19  4455.28  99999.0  13343.2  7838.19  4455.28  1.00000
  945549  3490.82  7811.02  4445.31  99999.0  14017.2  7811.02  4445.31  1.00000
  950325  3490.74  7811.29  4446.30  99999.0  14752.0  7811.29  4446.30  1.00000
  955100  3490.65  7811.57  4447.29  99999.0  15525.6  7811.57  4447.29  1.00000
  959876  3496.20  7839.39  4459.22  99999.0  16360.1  7839.39  4459.22  1.00000
  964651  3496.12  7839.82  4460.34  99999.0  17261.1  7839.82  4460.34  1.00000
  969427  3490.38  7812.41  4450.29  99999.0  18214.7  7812.41  4450.29  1.00000
  974202  3490.29  7812.82  4451.42  99999.0  19248.4  7812.82  4451.42  1.00000
  978978  3490.21  7813.23  4452.54  99999.0  20364.2  7813.23  4452.54  1.00000
  983753  3495.74  7841.17  4464.59  99999.0  21550.9  7841.17  4464.59  1.00000
  988529  3495.59  7841.09  4465.31  99999.0  22838.1  7841.09  4465.31  1.00000
  993304  3489.93  7814.27  4455.87  99999.0  24226.7  7814.27  4455.87  1.00000
  998080  3489.77  7814.18  4456.60  99999.0  25728.3  7814.18  4456.60  1.00000
 1002855  3495.12  7840.83  4467.50  99999.0  27353.9  7840.83  4467.50  1.00000
 1007631  3495.02  7841.24  4468.65  99999.0  29107.1  7841.24  4468.65  1.00000
 1012406  3494.92  7841.66  4469.82  99999.0  31013.0  7841.66  4469.82  1.00000
 1017182  3489.13  7813.88  4459.64  99999.0  33077.8  7813.88  4459.64  1.00000
 1021957  3489.00  7814.09  4460.63  99999.0  35319.5  7814.09  4460.63  1.00000
 1026733  3494.56  7842.08  4472.64  99999.0  37761.1  7842.08  4472.64  1.00000
 1031508  3494.41  7841.93  4473.37  99999.0  40424.8  7841.93  4473.37  1.00000
 1036284  3494.25  7841.78  4474.13  99999.0  43321.7  7841.78  4474.13  1.00000
 1041059  3488.50  7814.78  4464.54  99999.0  46490.8  7814.78  4464.54  1.00000
 1045835  3488.35  7814.87  4465.50  99999.0  49954.5  7814.87  4465.50  1.00000
 1050610  3493.78  7841.58  4476.69  99999.0  53752.7  7841.58  4476.69  1.00000
 1055386  3493.62  7841.73  4477.70  99999.0  57914.4  7841.73  4477.70  1.00000
 1060161  3493.48  7841.88  4478.72  99999.0  62491.4  7841.88  4478.72  1.00000
 1064937  3487.68  7814.60  4468.78  99999.0  67531.4  7814.60  4468.78  1.00000
 1069712  3493.21  7842.22  4480.80  99999.0  73084.4  7842.22  4480.80  1.00000
 1074488  3493.07  7842.23  4481.73  99999.0  79213.5  7842.23  4481.73  1.00000
 1079263  3492.93  7842.24  4482.65  99999.0  85990.1  7842.24  4482.65  1.00000
 1084039  3492.78  7842.26  4483.58  99999.0  93413.2  7842.26  4483.58  1.00000
 1088814  3492.59  7842.05  4484.33  99999.0  99999.0  7842.05  4484.33  1.00000
 1093590  3492.40  7841.92  4485.18  99999.0  99999.0  7841.92  4485.18  1.00000
 1098365  3492.20  7841.78  4486.02  99999.0  99999.0  7841.78  4486.02  1.00000
 1103141  3492.00  7841.65  4486.87  99999.0  99999.0  7841.65  4486.87  1.00000
 1107916  3486.40  7815.25  4477.98  99999.0  99999.0  7815.25  4477.98  1.00000
 1112692  3491.67  7841.61  4488.64  99999.0  99999.0  7841.61  4488.64  1.00000
 1117467  3491.53  7841.66  4489.55  99999.0  99999.0  7841.66  4489.55  1.00000
 1122243  3491.39  7841.71  4490.47  99999.0  99999.0  7841.71  4490.47  1.00000
 1127018  3491.25  7841.77  4491.39  99999.0  99999.0  7841.77  4491.39  1.00000
 1131794  3491.08  7841.62  4492.20  99999.0  99999.0  7841.62  4492.20  1.00000
 1136569  3490.88  7841.28  4492.94  99999.0  99999.0  7841.28  4492.94  1.00000
 1141345  3490.68  7840.95  4493.67  99999.0  99999.0  7840.95  4493.67  1.00000
 1146120  3490.47  7840.63  4494.42  99999.0  99999.0  7840.63  4494.42  1.00000
 1150896  3495.78  7867.57  4506.11  99999.0  99999.0  7867.57  4506.11  1.00000
 1155671  3490.04  7840.15  4496.11  99999.0  99999.0  7840.15  4496.11  1.00000
 1160447  3489.83  7840.02  4497.07  99999.0  99999.0  7840.02  4497.07  1.00000
 1165222  3489.62  7839.91  4498.01  99999.0  99999.0  7839.91  4498.01  1.00000
 1169998  3494.82  7865.99  4508.85  99999.0  99999.0  7865.99  4508.85  1.00000
 1174773  3489.24  7839.84  4500.05  99999.0  99999.0  7839.84  4500.05  1.00000
 1179549  3489.00  7839.53  4500.88  99999.0  99999.0  7839.53  4500.88  1.00000
 1184324  3488.76  7839.22  4501.69  99999.0  99999.0  7839.22  4501.69  1.00000
 1189100  3493.93  7864.82  4512.20  99999.0  99999.0  7864.82  4512.20  1.00000
 1193875  3493.70  7864.54  4513.08  99999.0  99999.0  7864.54  4513.08  1.00000
 1198651  3488.03  7838.26  4504.19  99999.0  99999.0  7838.26  4504.19  1.00000
 1203426  3487.81  7837.97  4505.07  99999.0  99999.0  7837.97  4505.07  1.00000
 1208202  3492.95  7863.49  4515.47  99999.0  99999.0  7863.49  4515.47  1.00000
 1212977  3492.69  7863.14  4516.27  99999.0  99999.0  7863.14  4516.27  1.00000
 1217753  3487.08  7836.52  4507.28  99999.0  99999.0  7836.52  4507.28  1.00000
 1222528  3486.79  7835.84  4507.84  99999.0  99999.0  7835.84  4507.84  1.00000
 1227304  3491.96  7862.04  4518.81  99999.0  99999.0  7862.04  4518.81  1.00000
 1232079  3491.72  7861.63  4519.66  99999.0  99999.0  7861.63  4519.66  1.00000
 1236855  3491.49  7861.39  4520.62  99999.0  99999.0  7861.39  4520.62  1.00000
 1241630  3471.87  7786.22  4489.05  99999.0  99999.0  7786.22  4489.05  1.00000
 1246406  3489.19  7854.45  4519.36  99999.0  99999.0  7854.45  4519.36  1.00000
 1251181  3487.78  7849.93  4518.23  99999.0  99999.0  7849.93  4518.23  1.00000
 1255957  3488.15  7851.66  4520.03  99999.0  99999.0  7851.66  4520.03  1.00000
 1260732  3469.50  7780.05  4490.55  99999.0  99999.0  7780.05  4490.55  1.00000
 1265508  3486.15  7845.64  4519.07  99999.0  99999.0  7845.64  4519.07  1.00000
 1270283  3481.73  7830.77  4513.01  99999.0  99999.0  7830.77  4513.01  1.00000
 1275059  3477.31  7815.95  4507.02  99999.0  99999.0  7815.95  4507.02  1.00000
 1279834  3493.58  7880.87  4536.42  99999.0  99999.0  7880.87  4536.42  1.00000
 1284610  3473.22  7802.86  4502.93  99999.0  99999.0  7802.86  4502.93  1.00000
 1289385  3472.86  7802.03  4503.42  99999.0  99999.0  7802.03  4503.42  1.00000
 1294161  3472.46  7800.94  4503.67  99999.0  99999.0  7800.94  4503.67  1.00000
 1298936  3488.47  7864.53  4532.35  99999.0  99999.0  7864.53  4532.35  1.00000
 1303712  3471.68  7798.87  4504.37  99999.0  99999.0  7798.87  4504.37  1.00000
 1308487  3471.36  7798.29  4505.19  99999.0  99999.0  7798.29  4505.19  1.00000
 1313263  3471.04  7797.73  4505.97  99999.0  99999.0  7797.73  4505.97  1.00000
 1318038  3475.90  7822.48  4515.26  99999.0  99999.0  7822.48  4515.26  1.00000
 1322814  3475.60  7821.88  4516.21  99999.0  99999.0  7821.88  4516.21  1.00000
 1327589  3470.06  7795.72  4508.39  99999.0  99999.0  7795.72  4508.39  1.00000
 1332365  3474.95  7820.24  4517.79  99999.0  99999.0  7820.24  4517.79  1.00000
 1337140  3474.55  7819.01  4518.10  99999.0  99999.0  7819.01  4518.10  1.00000
 1341916  3474.14  7817.76  4518.40  99999.0  99999.0  7817.76  4518.40  1.00000
 1346691  3468.71  7792.32  4511.52  99999.0  99999.0  7792.32  4511.52  1.00000
 1351467  3473.27  7815.24  4518.94  99999.0  99999.0  7815.24  4518.94  1.00000
 1356242  3472.83  7813.96  4519.19  99999.0  99999.0  7813.96  4519.19  1.00000
 1361018  3472.38  7812.67  4519.44  99999.0  99999.0  7812.67  4519.44  1.00000
 1365793  3471.95  7811.43  4519.76  99999.0  99999.0  7811.43  4519.76  1.00000
 1370569  3471.55  7810.48  4520.41  99999.0  99999.0  7810.48  4520.41  1.00000
 1375344  3471.16  7809.53  4521.07  99999.0  99999.0  7809.53  4521.07  1.00000
 1380120  3470.77  7808.58  4521.73  99999.0  99999.0  7808.58  4521.73  1.00000
 1384895  3475.21  7831.81  4529.51  99999.0  99999.0  7831.81  4529.51  1.00000
 1389671  3469.79  7805.64  4521.94  99999.0  99999.0  7805.64  4521.94  1.00000
 1394446  3469.30  7804.20  4522.13  99999.0  99999.0  7804.20  4522.13  1.00000
 1399222  3473.95  7827.87  4531.38  99999.0  99999.0  7827.87  4531.38  1.00000
 1403997  3473.53  7826.56  4532.02  99999.0  99999.0  7826.56  4532.02  1.00000
 1408773  3468.03  7800.56  4523.93  99999.0  99999.0  7800.56  4523.93  1.00000
 1413548  3468.05  7801.55  4525.21  99999.0  99999.0  7801.55  4525.21  1.00000
 1418324  3471.96  7821.67  4532.34  99999.0  99999.0  7821.67  4532.34  1.00000
 1423099  3471.43  7820.13  4532.40  99999.0  99999.0  7820.13  4532.40  1.00000
 1427875  3438.58  7753.02  4487.99  99999.0  99999.0  7753.02  4487.99  1.00000
 1427875  1079.50  1752.14     0.00  99999.0  99999.0  1752.14     0.00  1.00000
 1428464  1079.19  1750.53     0.00  99999.0  99999.0  1750.53     0.00  1.00000
 1429053  1078.88  1748.91     0.00  99999.0  99999.0  1748.91     0.00  1.00000
 1429643  1078.58  1747.30     0.00  99999.0  99999.0  1747.30     0.00  1.00000
 1430232  1078.26  1745.69     0.00  99999.0  99999.0  1745.69     0.00  1.00000
 1430821  1077.95  1744.07     0.00  99999.0  99999.0  1744.07     0.00  1.00000
 1431410  1077.65  1742.47     0.00  99999.0  99999.0  1742.47     0.00  1.00000
 1431999  1077.34  1740.85     0.00  99999.0  99999.0  1740.85     0.00  1.00000
 1432589  1077.03  1739.23     0.00  99999.0  99999.0  1739.23     0.00  1.00000
 1433178  1076.72  1737.62     0.00  99999.0  99999.0  1737.62     0.00  1.00000
 1433767  1076.41  1736.00     0.00  99999.0  99999.0  1736.00     0.00  1.00000
 1434356  1076.10  1734.39     0.00  99999.0  99999.0  1734.39     0.00  1.00000
 1434945  1075.79  1732.77     0.00  99999.0  99999.0  1732.77     0.00  1.00000
 1435535  1075.48  1731.16     0.00  99999.0  99999.0  1731.16     0.00  1.00000
 1436124  1075.17  1729.54     0.00  99999.0  99999.0  1729.54     0.00  1.00000
 1436713  1074.86  1727.93     0.00  99999.0  99999.0  1727.93     0.00  1.00000
 1437302  1074.54  1726.32     0.00  99999.0  99999.0  1726.32     0.00  1.00000
 1437891  1074.24  1724.70     0.00  99999.0  99999.0  1724.70     0.00  1.00000
 1438481  1073.92  1723.08     0.00  99999.0  99999.0  1723.08     0.00  1.00000
 1439070  1073.61  1721.47     0.00  99999.0  99999.0  1721.47     0.00  1.00000
 1439659  1073.30  1719.85     0.00  99999.0  99999.0  1719.85     0.00  1.00000
 1440248  1072.98  1718.24     0.00  99999.0  99999.0  1718.24     0.00  1.00000
 1440837  1072.67  1716.62     0.00  99999.0  99999.0  1716.62     0.00  1.00000
 1441427  1072.36  1715.01     0.00  99999.0  99999.0  1715.01     0.00  1.00000
 1442016  1072.04  1713.40     0.00  99999.0  99999.0  1713.40     0.00  1.00000
 1442605  1071.72  1711.78     0.00  99999.0  99999.0  1711.78     0.00  1.00000
 1443194  1071.41  1710.16     0.00  99999.0  99999.0  1710.16     0.00  1.00000
 1443783  1071.10  1708.55     0.00  99999.0  99999.0  1708.55     0.00  1.00000
 1444372  1070.78  1706.94     0.00  99999.0  99999.0  1706.94     0.00  1.00000
 1444962  1070.47  1705.32     0.00  99999.0  99999.0  1705.32     0.00  1.00000
 1445551  1070.15  1703.71     0.00  99999.0  99999.0  1703.71     0.00  1.00000
 1446140  1069.84  1702.09     0.00  99999.0  99999.0  1702.09     0.00  1.00000
 1446729  1069.52  1700.48     0.00  99999.0  99999.0  1700.48     0.00  1.00000
 1447318  1069.20  1698.86     0.00  99999.0  99999.0  1698.86     0.00  1.00000
 1447908  1068.88  1697.25     0.00  99999.0  99999.0  1697.25     0.00  1.00000
 1448497  1068.56  1695.64     0.00  99999.0  99999.0  1695.64     0.00  1.00000
 1449086  1068.24  1694.03     0.00  99999.0  99999.0  1694.03     0.00  1.00000
 1449675  1067.93  1692.42     0.00  99999.0  99999.0  1692.42     0.00  1.00000
 1450264  1067.61  1690.80     0.00  99999.0  99999.0  1690.80     0.00  1.00000
 1450854  1067.29  1689.19     0.00  99999.0  99999.0  1689.19     0.00  1.00000
 1451443  1066.97  1687.59     0.00  99999.0  99999.0  1687.59     0.00  1.00000
 1452032  1066.65  1685.97     0.00  99999.0  99999.0  1685.97     0.00  1.00000
 1452621  1066.33  1684.36     0.00  99999.0  99999.0  1684.36     0.00  1.00000
 1453210  1066.01  1682.75     0.00  99999.0  99999.0  1682.75     0.00  1.00000
 1453800  1065.69  1681.15     0.00  99999.0  99999.0  1681.15     0.00  1.00000
 1454389  1065.37  1679.53     0.00  99999.0  99999.0  1679.53     0.00  1.00000
 1454978  1065.05  1677.93     0.00  99999.0  99999.0  1677.93     0.00  1.00000
 1455567  1064.72  1676.32     0.00  99999.0  99999.0  1676.32     0.00  1.00000
 1456156  1064.40  1674.71     0.00  99999.0  99999.0  1674.71     0.00  1.00000
 1456746  1064.08  1673.10     0.00  99999.0  99999.0  1673.10     0.00  1.00000
 1457335  1063.76  1671.50     0.00  99999.0  99999.0  1671.50     0.00  1.00000
 1457924  1063.44  1669.89     0.00  99999.0  99999.0  1669.89     0.00  1.00000
 1458513  1063.11  1668.28     0.00  99999.0  99999.0  1668.28     0.00  1.00000
 1459102  1062.79  1666.68     0.00  99999.0  99999.0  1666.68     0.00  1.00000
 1459692  1062.46  1665.08     0.00  99999.0  99999.0  1665.08     0.00  1.00000
 1460281  1062.14  1663.48     0.00  99999.0  99999.0  1663.48     0.00  1.00000
 1460870  1061.82  1661.87     0.00  99999.0  99999.0  1661.87     0.00  1.00000
 1461459  1061.49  1660.27     0.00  99999.0  99999.0  1660.27     0.00  1.00000
 1462048  1061.16  1658.67     0.00  99999.0  99999.0  1658.67     0.00  1.00000
 1462638  1060.84  1657.07     0.00  99999.0  99999.0  1657.07     0.00  1.00000
 1463227  1060.51  1655.46     0.00  99999.0  99999.0  1655.46     0.00  1.00000
 1463816  1060.19  1653.87     0.00  99999.0  99999.0  1653.87     0.00  1.00000
 1464405  1059.86  1652.27     0.00  99999.0  99999.0  1652.27     0.00  1.00000
 1464994  1059.53  1650.68     0.00  99999.0  99999.0  1650.68     0.00  1.00000
 1465584  1059.21  1649.08     0.00  99999.0  99999.0  1649.08     0.00  1.00000
 1466173  1058.88  1647.48     0.00  99999.0  99999.0  1647.48     0.00  1.00000
 1466762  1058.55  1645.89     0.00  99999.0  99999.0  1645.89     0.00  1.00000
 1467351  1058.22  1644.29     0.00  99999.0  99999.0  1644.29     0.00  1.00000
 1467940  1057.89  1642.70     0.00  99999.0  99999.0  1642.70     0.00  1.00000
 1468530  1057.56  1641.11     0.00  99999.0  99999.0  1641.11     0.00  1.00000
 1469119  1057.23  1639.51     0.00  99999.0  99999.0  1639.51     0.00  1.00000
 1469708  1056.90  1637.92     0.00  99999.0  99999.0  1637.92     0.00  1.00000
 1470297  1056.57  1636.33     0.00  99999.0  99999.0  1636.33     0.00  1.00000
 1470886  1056.24  1634.74     0.00  99999.0  99999.0  1634.74     0.00  1.00000
 1471476  1055.91  1633.16     0.00  99999.0  99999.0  1633.16     0.00  1.00000
 1472065  1055.58  1631.57     0.00  99999.0  99999.0  1631.57     0.00  1.00000
 1472654  1055.25  1629.99     0.00  99999.0  99999.0  1629.99     0.00  1.00000
 1473243  1054.92  1628.40     0.00  99999.0  99999.0  1628.40     0.00  1.00000
 1473832  1054.58  1626.82     0.00  99999.0  99999.0  1626.82     0.00  1.00000
 1474421  1054.25  1625.24     0.00  99999.0  99999.0  1625.24     0.00  1.00000
 1475011  1053.92  1623.66     0.00  99999.0  99999.0  1623.66     0.00  1.00000
 1475600  1053.59  1622.07     0.00  99999.0  99999.0  1622.07     0.00  1.00000
 1476189  1053.25  1620.50     0.00  99999.0  99999.0  1620.50     0.00  1.00000
 1476778  1052.92  1618.92     0.00  99999.0  99999.0  1618.92     0.00  1.00000
 1477367  1052.58  1617.35     0.00  99999.0  99999.0  1617.35     0.00  1.00000
 1477957  1052.25  1615.77     0.00  99999.0  99999.0  1615.77     0.00  1.00000
 1478546  1051.91  1614.20     0.00  99999.0  99999.0  1614.20     0.00  1.00000
 1479135  1051.59  1612.62     0.00  99999.0  99999.0  1612.62     0.00  1.00000
 1479724  1051.24  1611.05     0.00  99999.0  99999.0  1611.05     0.00  1.00000
 1480313  1050.91  1609.48     0.00  99999.0  99999.0  1609.48     0.00  1.00000
 1480903  1050.58  1607.92     0.00  99999.0  99999.0  1607.92     0.00  1.00000
 1481492  1050.23  1606.35     0.00  99999.0  99999.0  1606.35     0.00  1.00000
 1482081  1049.89  1604.78     0.00  99999.0  99999.0  1604.78     0.00  1.00000
 1482670  1049.57  1603.22     0.00  99999.0  99999.0  1603.22     0.00  1.00000
 1483259  1049.22  1601.66     0.00  99999.0  99999.0  1601.66     0.00  1.00000
 1483849  1048.89  1600.10     0.00  99999.0  99999.0  1600.10     0.00  1.00000
 1484438  1048.54  1598.53     0.00  99999.0  99999.0  1598.53     0.00  1.00000
 1485027  1048.20  1596.98     0.00  99999.0  99999.0  1596.98     0.00  1.00000
 1485616  1047.86  1595.42     0.00  99999.0  99999.0  1595.42     0.00  1.00000
 1486205  1047.53  1593.87     0.00  99999.0  99999.0  1593.87     0.00  1.00000
 1486795  1047.18  1592.31     0.00  99999.0  99999.0  1592.31     0.00  1.00000
 1487384  1046.85  1590.76     0.00  99999.0  99999.0  1590.76     0.00  1.00000
 1487973  1046.51  1589.21     0.00  99999.0  99999.0  1589.21     0.00  1.00000
 1488562  1046.16  1587.66     0.00  99999.0  99999.0  1587.66     0.00  1.00000
 1489151  1045.83  1586.12     0.00  99999.0  99999.0  1586.12     0.00  1.00000
 1489741  1045.49  1584.56     0.00  99999.0  99999.0  1584.56     0.00  1.00000
 1490330  1045.14  1583.02     0.00  99999.0  99999.0  1583.02     0.00  1.00000
 1490919  1044.80  1581.48     0.00  99999.0  99999.0  1581.48     0.00  1.00000
 1491508  1044.46  1579.94     0.00  99999.0  99999.0  1579.94     0.00  1.00000
 1492097  1044.11  1578.41     0.00  99999.0  99999.0  1578.41     0.00  1.00000
 1492687  1043.77  1576.86     0.00  99999.0  99999.0  1576.86     0.00  1.00000
 1493276  1043.42  1575.33     0.00  99999.0  99999.0  1575.33     0.00  1.00000
 1493865  1043.08  1573.80     0.00  99999.0  99999.0  1573.80     0.00  1.00000
 1494454  1042.74  1572.27     0.00  99999.0  99999.0  1572.27     0.00  1.00000
 1495043  1042.39  1570.74     0.00  99999.0  99999.0  1570.74     0.00  1.00000
 1495633  1042.04  1569.21     0.00  99999.0  99999.0  1569.21     0.00  1.00000
 1496222  1041.70  1567.68     0.00  99999.0  99999.0  1567.68     0.00  1.00000
 1496811  1041.35  1566.16     0.00  99999.0  99999.0  1566.16     0.00  1.00000
 1497400  1041.00  1564.64     0.00  99999.0  99999.0  1564.64     0.00  1.00000
 1497989  1040.66  1563.12     0.00  99999.0  99999.0  1563.12     0.00  1.00000
 1498579  1040.31  1561.60     0.00  99999.0  99999.0  1561.60     0.00  1.00000
 1499168  1039.96  1560.08     0.00  99999.0  99999.0  1560.08     0.00  1.00000
 1499757  1039.62  1558.57     0.00  99999.0  99999.0  1558.57     0.00  1.00000
 1500346  1039.26  1557.06     0.00  99999.0  99999.0  1557.06     0.00  1.00000
 1500935  1038.92  1555.55     0.00  99999.0  99999.0  1555.55     0.00  1.00000
 1501524  1038.57  1554.05     0.00  99999.0  99999.0  1554.05     0.00  1.00000
 1502114  1038.21  1552.54     0.00  99999.0  99999.0  1552.54     0.00  1.00000
 1502703  1037.87  1551.03     0.00  99999.0  99999.0  1551.03     0.00  1.00000
 1503292  1037.51  1549.53     0.00  99999.0  99999.0  1549.53     0.00  1.00000
 1503881  1037.16  1548.03     0.00  99999.0  99999.0  1548.03     0.00  1.00000
 1504470  1036.82  1546.54     0.00  99999.0  99999.0  1546.54     0.00  1.00000
 1505060  1036.46  1545.04     0.00  99999.0  99999.0  1545.04     0.00  1.00000
 1505649  1036.11  1543.54     0.00  99999.0  99999.0  1543.54     0.00  1.00000
 1506238  1035.76  1542.06     0.00  99999.0  99999.0  1542.06     0.00  1.00000
 1506827  1035.40  1540.56     0.00  99999.0  99999.0  1540.56     0.00  1.00000
 1507416  1035.05  1539.08     0.00  99999.0  99999.0  1539.08     0.00  1.00000
 1508006  1034.70  1537.60     0.00  99999.0  99999.0  1537.60     0.00  1.00000
 1508595  1034.34  1536.12     0.00  99999.0  99999.0  1536.12     0.00  1.00000
 1509184  1033.99  1534.64     0.00  99999.0  99999.0  1534.64     0.00  1.00000
 1509773  1033.64  1533.16     0.00  99999.0  99999.0  1533.16     0.00  1.00000
 1510362  1033.28  1531.69     0.00  99999.0  99999.0  1531.69     0.00  1.00000
 1510952  1032.93  1530.21     0.00  99999.0  99999.0  1530.21     0.00  1.00000
 1511541  1032.58  1528.75     0.00  99999.0  99999.0  1528.75     0.00  1.00000
 1512130  1032.21  1527.28     0.00  99999.0  99999.0  1527.28     0.00  1.00000
 1512719  1031.86  1525.82     0.00  99999.0  99999.0  1525.82     0.00  1.00000
 1513308  1031.50  1524.35     0.00  99999.0  99999.0  1524.35     0.00  1.00000
 1513898  1031.15  1522.89     0.00  99999.0  99999.0  1522.89     0.00  1.00000
 1514487  1030.79  1521.43     0.00  99999.0  99999.0  1521.43     0.00  1.00000
 1515076  1030.43  1519.97     0.00  99999.0  99999.0  1519.97     0.00  1.00000
 1515665  1030.07  1518.52     0.00  99999.0  99999.0  1518.52     0.00  1.00000
 1516254  1029.72  1517.07     0.00  99999.0  99999.0  1517.07     0.00  1.00000
 1516844  1029.35  1515.62     0.00  99999.0  99999.0  1515.62     0.00  1.00000
 1517433  1028.99  1514.18     0.00  99999.0  99999.0  1514.18     0.00  1.00000
 1518022  1028.64  1512.74     0.00  99999.0  99999.0  1512.74     0.00  1.00000
 1518611  1028.27  1511.30     0.00  99999.0  99999.0  1511.30     0.00  1.00000
 1519200  1027.92  1509.86     0.00  99999.0  99999.0  1509.86     0.00  1.00000
 1519790  1027.56  1508.42     0.00  99999.0  99999.0  1508.42     0.00  1.00000
 1520379  1027.19  1506.99     0.00  99999.0  99999.0  1506.99     0.00  1.00000
 1520968  1026.83  1505.56     0.00  99999.0  99999.0  1505.56     0.00  1.00000
 1521557  1026.47  1504.13     0.00  99999.0  99999.0  1504.13     0.00  1.00000
 1522146  1026.11  1502.71     0.00  99999.0  99999.0  1502.71     0.00  1.00000
 1522736  1025.75  1501.28     0.00  99999.0  99999.0  1501.28     0.00  1.00000
 1523325  1025.38  1499.87     0.00  99999.0  99999.0  1499.87     0.00  1.00000
 1523914  1025.02  1498.45     0.00  99999.0  99999.0  1498.45     0.00  1.00000
 1524503  1024.66  1497.03     0.00  99999.0  99999.0  1497.03     0.00  1.00000
 1525092  1024.29  1495.62     0.00  99999.0  99999.0  1495.62     0.00  1.00000
 1525682  1023.93  1494.21     0.00  99999.0  99999.0  1494.21     0.00  1.00000
 1526271  1023.57  1492.81     0.00  99999.0  99999.0  1492.81     0.00  1.00000
 1526860  1023.20  1491.41     0.00  99999.0  99999.0  1491.41     0.00  1.00000
 1527449  1022.83  1490.00     0.00  99999.0  99999.0  1490.00     0.00  1.00000
 1528038  1022.47  1488.61     0.00  99999.0  99999.0  1488.61     0.00  1.00000
 1528628  1022.10  1487.21     0.00  99999.0  99999.0  1487.21     0.00  1.00000
 1529217  1021.73  1485.82     0.00  99999.0  99999.0  1485.82     0.00  1.00000
 1529806  1021.37  1484.43     0.00  99999.0  99999.0  1484.43     0.00  1.00000
 1530395  1021.00  1483.04     0.00  99999.0  99999.0  1483.04     0.00  1.00000
 1530984  1020.63  1481.66     0.00  99999.0  99999.0  1481.66     0.00  1.00000
 1531573  1020.26  1480.27     0.00  99999.0  99999.0  1480.27     0.00  1.00000
 1532163  1019.90  1478.89     0.00  99999.0  99999.0  1478.89     0.00  1.00000
 1532752  1019.53  1477.52     0.00  99999.0  99999.0  1477.52     0.00  1.00000
 1533341  1019.16  1476.14     0.00  99999.0  99999.0  1476.14     0.00  1.00000
 1533930  1018.78  1474.77     0.00  99999.0  99999.0  1474.77     0.00  1.00000
 1534519  1018.42  1473.40     0.00  99999.0  99999.0  1473.40     0.00  1.00000
 1535109  1018.04  1472.04     0.00  99999.0  99999.0  1472.04     0.00  1.00000
 1535698  1017.67  1470.68     0.00  99999.0  99999.0  1470.68     0.00  1.00000
 1536287  1017.31  1469.32     0.00  99999.0  99999.0  1469.32     0.00  1.00000
 1536876  1016.93  1467.96     0.00  99999.0  99999.0  1467.96     0.00  1.00000
 1537465  1016.56  1466.61     0.00  99999.0  99999.0  1466.61     0.00  1.00000
 1538055  1016.19  1465.26     0.00  99999.0  99999.0  1465.26     0.00  1.00000
 1538644  1015.82  1463.90     0.00  99999.0  99999.0  1463.90     0.00  1.00000
 1539233  1015.44  1462.56     0.00  99999.0  99999.0  1462.56     0.00  1.00000
 1539822  1015.07  1461.22     0.00  99999.0  99999.0  1461.22     0.00  1.00000
 1540411  1014.70  1459.87     0.00  99999.0  99999.0  1459.87     0.00  1.00000
 1541001  1014.32  1458.54     0.00  99999.0  99999.0  1458.54     0.00  1.00000
 1541590  1013.95  1457.21     0.00  99999.0  99999.0  1457.21     0.00  1.00000
 1542179  1013.58  1455.87     0.00  99999.0  99999.0  1455.87     0.00  1.00000
 1542768  1013.20  1454.54     0.00  99999.0  99999.0  1454.54     0.00  1.00000
 1543357  1012.82  1453.22     0.00  99999.0  99999.0  1453.22     0.00  1.00000
 1543947  1012.44  1451.89     0.00  99999.0  99999.0  1451.89     0.00  1.00000
 1544536  1012.07  1450.57     0.00  99999.0  99999.0  1450.57     0.00  1.00000
 1545125  1011.69  1449.25     0.00  99999.0  99999.0  1449.25     0.00  1.00000
 1545125   921.19  3867.36  1965.48  99999.0      5.7  3867.36  1965.48  1.00000
 1545191   921.18  3867.30  1965.45  99999.0      5.7  3867.30  1965.45  1.00000
 1545258   921.17  3867.24  1965.42  99999.0      5.7  3867.24  1965.42  1.00000
 1545324   921.16  3867.18  1965.38  99999.0      5.7  3867.18  1965.38  1.00000
 1545391   921.16  3867.12  1965.35  99999.0      5.7  3867.12  1965.35  1.00000
 1545457   921.15  3867.06  1965.32  99999.0      5.7  3867.06  1965.32  1.00000
 1545524   921.14  3867.00  1965.29  99999.0      5.7  3867.00  1965.29  1.00000
 1545590   921.13  3866.93  1965.26  99999.0      5.7  3866.93  1965.26  1.00000
 1545657   921.12  3866.87  1965.22  99999.0      5.7  3866.87  1965.22  1.00000
 1545723   921.11  3866.81  1965.19  99999.0      5.7  3866.81  1965.19  1.00000
 1545790   921.11  3866.74  1965.16  99999.0      5.7  3866.74  1965.16  1.00000
 1545856   921.10  3866.68  1965.13  99999.0      5.7  3866.68  1965.13  1.00000
 1545923   921.09  3866.62  1965.10  99999.0      5.7  3866.62  1965.10  1.00000
 1545989   921.08  3866.56  1965.07  99999.0      5.7  3866.56  1965.07  1.00000
 1546056   921.07  3866.50  1965.03  99999.0      5.7  3866.50  1965.03  1.00000
 1546122   921.06  3866.43  1965.00  99999.0      5.7  3866.43  1965.00  1.00000
 1546189   921.06  3866.37  1964.97  99999.0      5.7  3866.37  1964.97  1.00000
 1546255   921.05  3866.31  1964.94  99999.0      5.7  3866.31  1964.94  1.00000
 1546321   921.04  3866.24  1964.91  99999.0      5.7  3866.24  1964.91  1.00000
 1546388   921.03  3866.18  1964.87  99999.0      5.7  3866.18  1964.87  1.00000
 1546454   921.02  3866.12  1964.84  99999.0      5.7  3866.12  1964.84  1.00000
 1546521   921.01  3866.06  1964.81  99999.0      5.7  3866.06  1964.81  1.00000
 1546587   921.01  3866.00  1964.78  99999.0      5.7  3866.00  1964.78  1.00000
 1546654   921.00  3865.94  1964.75  99999.0      5.7  3865.94  1964.75  1.00000
 1546720   920.99  3865.88  1964.72  99999.0      5.7  3865.88  1964.72  1.00000
 1546787   920.98  3865.82  1964.69  99999.0      5.7  3865.82  1964.69  1.00000
 1546853   920.97  3865.75  1964.66  99999.0      5.7  3865.75  1964.66  1.00000
 1546920   920.96  3865.69  1964.63  99999.0      5.7  3865.69  1964.63  1.00000
 1546986   920.96  3865.62  1964.60  99999.0      5.7  3865.62  1964.60  1.00000
 1547053   920.95  3865.56  1964.56  99999.0      5.7  3865.56  1964.56  1.00000
 1547119   920.94  3865.50  1964.53  99999.0      5.7  3865.50  1964.53  1.00000
 1547186   920.93  3865.44  1964.50  99999.0      5.7  3865.44  1964.50  1.00000
 1547252   920.92  3865.38  1964.47  99999.0      5.7  3865.38  1964.47  1.00000
 1547319   920.92  3865.31  1964.44  99999.0      5.7  3865.31  1964.44  1.00000
 1547385   920.91  3865.25  1964.41  99999.0      5.7  3865.25  1964.41  1.00000
 1547452   920.90  3865.19  1964.37  99999.0      5.7  3865.19  1964.37  1.00000
 1547518   920.89  3865.12  1964.34  99999.0      5.7  3865.12  1964.34  1.00000
 1547584   920.88  3865.06  1964.31  99999.0      5.7  3865.06  1964.31  1.00000
 1547651   920.87  3865.00  1964.28  99999.0      5.7  3865.00  1964.28  1.00000
 1547717   920.87  3864.94  1964.25  99999.0      5.7  3864.94  1964.25  1.00000
 1547784   920.86  3864.88  1964.21  99999.0      5.7  3864.88  1964.21  1.00000
 1547850   920.85  3864.82  1964.18  99999.0      5.7  3864.82  1964.18  1.00000
 1547917   920.84  3864.76  1964.15  99999.0      5.7  3864.76  1964.15  1.00000
 1547983   920.83  3864.70  1964.12  99999.0      5.7  3864.70  1964.12  1.00000
 1548050   920.82  3864.63  1964.09  99999.0      5.7  3864.63  1964.09  1.00000
 1548116   920.82  3864.57  1964.05  99999.0      5.7  3864.57  1964.05  1.00000
 1548183   920.81  3864.50  1964.02  99999.0      5.7  3864.50  1964.02  1.00000
 1548249   920.80  3864.44  1963.99  99999.0      5.7  3864.44  1963.99  1.00000
 1548316   920.79  3864.38  1963.96  99999.0      5.7  3864.38  1963.96  1.00000
 1548382   920.78  3864.32  1963.93  99999.0      5.7  3864.32  1963.93  1.00000
 1548449   920.77  3864.26  1963.89  99999.0      5.7  3864.26  1963.89  1.00000
 1548515   920.77  3864.20  1963.86  99999.0      5.7  3864.20  1963.86  1.00000
 1548582   920.76  3864.14  1963.83  99999.0      5.7  3864.14  1963.83  1.00000
 1548648   920.75  3864.07  1963.80  99999.0      5.7  3864.07  1963.80  1.00000
 1548714   920.74  3864.01  1963.77  99999.0      5.7  3864.01  1963.77  1.00000
 1548781   920.73  3863.95  1963.74  99999.0      5.7  3863.95  1963.74  1.00000
 1548847   920.72  3863.89  1963.71  99999.0      5.7  3863.89  1963.71  1.00000
 1548914   920.72  3863.82  1963.68  99999.0      5.7  3863.82  1963.68  1.00000
 1548980   920.71  3863.76  1963.65  99999.0      5.7  3863.76  1963.65  1.00000
 1549047   920.70  3863.70  1963.62  99999.0      5.7  3863.70  1963.62  1.00000
 1549113   920.69  3863.64  1963.59  99999.0      5.7  3863.64  1963.59  1.00000
 1549180   920.68  3863.57  1963.55  99999.0      5.7  3863.57  1963.55  1.00000
 1549246   920.68  3863.51  1963.52  99999.0      5.7  3863.51  1963.52  1.00000
 1549313   920.67  3863.45  1963.49  99999.0      5.7  3863.45  1963.49  1.00000
 1549379   920.66  3863.39  1963.46  99999.0      5.7  3863.39  1963.46  1.00000
 1549446   920.65  3863.33  1963.43  99999.0      5.7  3863.33  1963.43  1.00000
 1549512   920.64  3863.27  1963.39  99999.0      5.7  3863.27  1963.39  1.00000
 1549579   920.63  3863.20  1963.36  99999.0      5.7  3863.20  1963.36  1.00000
 1549645   920.63  3863.14  1963.33  99999.0      5.7  3863.14  1963.33  1.00000
 1549712   920.62  3863.08  1963.30  99999.0      5.7  3863.08  1963.30  1.00000
 1549778   920.61  3863.01  1963.27  99999.0      5.7  3863.01  1963.27  1.00000
 1549844   920.60  3862.95  1963.23  99999.0      5.7  3862.95  1963.23  1.00000
 1549911   920.59  3862.89  1963.20  99999.0      5.7  3862.89  1963.20  1.00000
 1549977   920.58  3862.83  1963.17  99999.0      5.7  3862.83  1963.17  1.00000
 1550044   920.58  3862.77  1963.14  99999.0      5.7  3862.77  1963.14  1.00000
 1550110   920.57  3862.70  1963.11  99999.0      5.7  3862.70  1963.11  1.00000
 1550177   920.56  3862.64  1963.08  99999.0      5.7  3862.64  1963.08  1.00000
 1550243   920.55  3862.58  1963.04  99999.0      5.7  3862.58  1963.04  1.00000
 1550310   920.54  3862.51  1963.01  99999.0      5.7  3862.51  1963.01  1.00000
 1550376   920.53  3862.45  1962.98  99999.0      5.7  3862.45  1962.98  1.00000
 1550443   920.53  3862.39  1962.95  99999.0      5.7  3862.39  1962.95  1.00000
 1550509   920.52  3862.33  1962.92  99999.0      5.7  3862.33  1962.92  1.00000
 1550576   920.51  3862.27  1962.88  99999.0      5.7  3862.27  1962.88  1.00000
 1550642   920.50  3862.21  1962.85  99999.0      5.7  3862.21  1962.85  1.00000
 1550709   920.49  3862.15  1962.82  99999.0      5.7  3862.15  1962.82  1.00000
 1550775   920.48  3862.09  1962.79  99999.0      5.7  3862.09  1962.79  1.00000
 1550842   920.48  3862.02  1962.76  99999.0      5.7  3862.02  1962.76  1.00000
 1550908   920.47  3861.96  1962.73  99999.0      5.7  3861.96  1962.73  1.00000
 1550974   920.46  3861.89  1962.70  99999.0      5.7  3861.89  1962.70  1.00000
 1551041   920.45  3861.83  1962.67  99999.0      5.7  3861.83  1962.67  1.00000
 1551107   920.44  3861.77  1962.64  99999.0      5.7  3861.77  1962.64  1.00000
 1551174   920.44  3861.71  1962.61  99999.0      5.7  3861.71  1962.61  1.00000
 1551240   920.43  3861.65  1962.57  99999.0      5.7  3861.65  1962.57  1.00000
 1551307   920.42  3861.59  1962.54  99999.0      5.7  3861.59  1962.54  1.00000
 1551373   920.41  3861.53  1962.51  99999.0      5.7  3861.53  1962.51  1.00000
 1551440   920.40  3861.47  1962.48  99999.0      5.7  3861.47  1962.48  1.00000
 1551506   920.39  3861.40  1962.45  99999.0      5.7  3861.40  1962.45  1.00000
 1551573   920.39  3861.34  1962.42  99999.0      5.7  3861.34  1962.42  1.00000
 1551639   920.38  3861.28  1962.38  99999.0      5.7  3861.28  1962.38  1.00000
 1551706   920.37  3861.21  1962.35  99999.0      5.7  3861.21  1962.35  1.00000
 1551772   920.36  3861.15  1962.32  99999.0      5.7  3861.15  1962.32  1.00000
 1551839   920.35  3861.09  1962.29  99999.0      5.7  3861.09  1962.29  1.00000
 1551905   920.34  3861.03  1962.26  99999.0      5.7  3861.03  1962.26  1.00000
 1551972   920.34  3860.97  1962.22  99999.0      5.7  3860.97  1962.22  1.00000
 1552038   920.33  3860.91  1962.19  99999.0      5.7  3860.91  1962.19  1.00000
 1552105   920.32  3860.84  1962.16  99999.0      5.7  3860.84  1962.16  1.00000
 1552171   920.31  3860.78  1962.13  99999.0      5.7  3860.78  1962.13  1.00000
 1552237   920.30  3860.72  1962.10  99999.0      5.7  3860.72  1962.10  1.00000
 1552304   920.29  3860.66  1962.06  99999.0      5.7  3860.66  1962.06  1.00000
 1552370   920.29  3860.59  1962.03  99999.0      5.7  3860.59  1962.03  1.00000
 1552437   920.28  3860.53  1962.00  99999.0      5.7  3860.53  1962.00  1.00000
 1552503   920.27  3860.47  1961.97  99999.0      5.7  3860.47  1961.97  1.00000
 1552570   920.26  3860.41  1961.94  99999.0      5.7  3860.41  1961.94  1.00000
 1552636   920.25  3860.34  1961.91  99999.0      5.7  3860.34  1961.91  1.00000
 1552703   920.24  3860.28  1961.88  99999.0      5.7  3860.28  1961.88  1.00000
 1552769   920.24  3860.22  1961.85  99999.0      5.7  3860.22  1961.85  1.00000
 1552836   920.23  3860.16  1961.82  99999.0      5.7  3860.16  1961.82  1.00000
 1552902   920.22  3860.10  1961.79  99999.0      5.7  3860.10  1961.79  1.00000
 1552969   920.21  3860.04  1961.76  99999.0      5.7  3860.04  1961.76  1.00000
 1553035   920.20  3859.98  1961.72  99999.0      5.7  3859.98  1961.72  1.00000
 1553102   920.20  3859.91  1961.69  99999.0      5.7  3859.91  1961.69  1.00000
 1553168   920.19  3859.85  1961.66  99999.0      5.7  3859.85  1961.66  1.00000
 1553235   920.18  3859.78  1961.63  99999.0      5.7  3859.78  1961.63  1.00000
 1553301   920.17  3859.72  1961.60  99999.0      5.7  3859.72  1961.60  1.00000
 1553367   920.16  3859.66  1961.56  99999.0      5.7  3859.66  1961.56  1.00000
 1553434   920.15  3859.60  1961.53  99999.0      5.7  3859.60  1961.53  1.00000
 1553500   920.15  3859.54  1961.50  99999.0      5.7  3859.54  1961.50  1.00000
 1553567   920.14  3859.48  1961.47  99999.0      5.7  3859.48  1961.47  1.00000
 1553633   920.13  3859.42  1961.44  99999.0      5.7  3859.42  1961.44  1.00000
 1553700   920.12  3859.36  1961.40  99999.0      5.7  3859.36  1961.40  1.00000
 1553766   920.11  3859.29  1961.37  99999.0      5.7  3859.29  1961.37  1.00000
 1553833   920.10  3859.23  1961.34  99999.0      5.7  3859.23  1961.34  1.00000
 1553899   920.10  3859.17  1961.31  99999.0      5.7  3859.17  1961.31  1.00000
 1553966   920.09  3859.10  1961.28  99999.0      5.7  3859.10  1961.28  1.00000
 1554032   920.08  3859.04  1961.25  99999.0      5.7  3859.04  1961.25  1.00000
 1554099   920.07  3858.98  1961.22  99999.0      5.7  3858.98  1961.22  1.00000
 1554165   920.06  3858.92  1961.19  99999.0      5.7  3858.92  1961.19  1.00000
 1554232   920.06  3858.86  1961.16  99999.0      5.7  3858.86  1961.16  1.00000
 1554298   920.05  3858.80  1961.13  99999.0      5.7  3858.80  1961.13  1.00000
 1554365   920.04  3858.73  1961.10  99999.0      5.7  3858.73  1961.10  1.00000
 1554431   920.03  3858.67  1961.06  99999.0      5.7  3858.67  1961.06  1.00000
 1554497   920.02  3858.61  1961.03  99999.0      5.7  3858.61  1961.03  1.00000
 1554564   920.01  3858.55  1961.00  99999.0      5.7  3858.55  1961.00  1.00000
 1554630   920.01  3858.49  1960.97  99999.0      5.7  3858.49  1960.97  1.00000
 1554697   920.00  3858.43  1960.94  99999.0      5.7  3858.43  1960.94  1.00000
 1554763   919.99  3858.37  1960.90  99999.0      5.7  3858.37  1960.90  1.00000
 1554830   919.98  3858.30  1960.87  99999.0      5.7  3858.30  1960.87  1.00000
 1554896   919.97  3858.24  1960.84  99999.0      5.7  3858.24  1960.84  1.00000
 1554963   919.96  3858.18  1960.81  99999.0      5.7  3858.18  1960.81  1.00000
 1555029   919.96  3858.11  1960.78  99999.0      5.7  3858.11  1960.78  1.00000
 1555096   919.95  3858.05  1960.74  99999.0      5.7  3858.05  1960.74  1.00000
 1555162   919.94  3857.99  1960.71  99999.0      5.7  3857.99  1960.71  1.00000
 1555229   919.93  3857.93  1960.68  99999.0      5.7  3857.93  1960.68  1.00000
 1555295   919.92  3857.87  1960.65  99999.0      5.7  3857.87  1960.65  1.00000
 1555362   919.92  3857.81  1960.62  99999.0      5.7  3857.81  1960.62  1.00000
 1555428   919.91  3857.75  1960.58  99999.0      5.7  3857.75  1960.58  1.00000
 1555495   919.90  3857.69  1960.55  99999.0      5.7  3857.69  1960.55  1.00000
 1555561   919.89  3857.62  1960.52  99999.0      5.7  3857.62  1960.52  1.00000
 1555628   919.88  3857.56  1960.49  99999.0      5.7  3857.56  1960.49  1.00000
 1555694   919.87  3857.49  1960.46  99999.0      5.7  3857.49  1960.46  1.00000
 1555760   919.87  3857.43  1960.43  99999.0      5.7  3857.43  1960.43  1.00000
 1555827   919.86  3857.37  1960.40  99999.0      5.7  3857.37  1960.40  1.00000
 1555893   919.85  3857.31  1960.37  99999.0      5.7  3857.31  1960.37  1.00000
 1555960   919.84  3857.25  1960.34  99999.0      5.7  3857.25  1960.34  1.00000
 1556026   919.83  3857.19  1960.31  99999.0      5.7  3857.19  1960.31  1.00000
 1556093   919.82  3857.12  1960.28  99999.0      5.7  3857.12  1960.28  1.00000
 1556159   919.82  3857.06  1960.24  99999.0      5.7  3857.06  1960.24  1.00000
 1556226   919.81  3857.00  1960.21  99999.0      5.7  3857.00  1960.21  1.00000
 1556292   919.80  3856.94  1960.18  99999.0      5.7  3856.94  1960.18  1.00000
 1556359   919.79  3856.88  1960.15  99999.0      5.7  3856.88  1960.15  1.00000
 1556425   919.78  3856.82  1960.12  99999.0      5.7  3856.82  1960.12  1.00000
 1556492   919.78  3856.76  1960.08  99999.0      5.7  3856.76  1960.08  1.00000
 1556558   919.77  3856.69  1960.05  99999.0      5.7  3856.69  1960.05  1.00000
 1556625   919.76  3856.63  1960.02  99999.0      5.7  3856.63  1960.02  1.00000
 1556691   919.75  3856.57  1959.99  99999.0      5.7  3856.57  1959.99  1.00000
 1556758   919.74  3856.50  1959.96  99999.0      5.7  3856.50  1959.96  1.00000
 1556824   919.73  3856.44  1959.92  99999.0      5.7  3856.44  1959.92  1.00000
 1556890   919.72  3856.38  1959.89  99999.0      5.7  3856.38  1959.89  1.00000
 1556957   919.72  3856.32  1959.86  99999.0      5.7  3856.32  1959.86  1.00000
 1557023   919.71  3856.26  1959.83  99999.0      5.7  3856.26  1959.83  1.00000
 1557090   919.70  3856.20  1959.80  99999.0      5.7  3856.20  1959.80  1.00000
 1557156   919.69  3856.14  1959.76  99999.0      5.7  3856.14  1959.76  1.00000
 1557223   919.68  3856.08  1959.73  99999.0      5.7  3856.08  1959.73  1.00000
 1557289   919.68  3856.01  1959.70  99999.0      5.7  3856.01  1959.70  1.00000
 1557356   919.67  3855.95  1959.67  99999.0      5.7  3855.95  1959.67  1.00000
 1557422   919.66  3855.88  1959.64  99999.0      5.7  3855.88  1959.64  1.00000
 1557489   919.65  3855.82  1959.62  99999.0      5.7  3855.82  1959.62  1.00000
 1557555   919.64  3855.76  1959.58  99999.0      5.7  3855.76  1959.58  1.00000
 1557622   919.63  3855.70  1959.55  99999.0      5.7  3855.70  1959.55  1.00000
 1557688   919.63  3855.64  1959.52  99999.0      5.7  3855.64  1959.52  1.00000
 1557755   919.62  3855.58  1959.49  99999.0      5.7  3855.58  1959.49  1.00000
 1557821   919.61  3855.51  1959.46  99999.0      5.7  3855.51  1959.46  1.00000
 1557888   919.60  3855.45  1959.42  99999.0      5.7  3855.45  1959.42  1.00000
 1557954   919.59  3855.39  1959.39  99999.0      5.7  3855.39  1959.39  1.00000
 1558020   919.58  3855.33  1959.36  99999.0      5.7  3855.33  1959.36  1.00000
 1558087   919.58  3855.27  1959.33  99999.0      5.7  3855.27  1959.33  1.00000
 1558153   919.57  3855.21  1959.30  99999.0      5.7  3855.21  1959.30  1.00000
 1558220   919.56  3855.15  1959.26  99999.0      5.7  3855.15  1959.26  1.00000
 1558286   919.55  3855.08  1959.23  99999.0      5.7  3855.08  1959.23  1.00000
 1558353   919.54  3855.00  1959.19  99999.0      5.7  3855.00  1959.19  1.00000
 1558419   919.53  3854.92  1959.15  99999.0      5.7  3854.92  1959.15  1.00000
 1558486   919.53  3854.88  1959.13  99999.0      5.7  3854.88  1959.13  1.00000
 1558552   919.58  3855.94  1959.67  99999.0      5.8  3855.94  1959.67  1.00000
 1558619   919.78  3859.50  1961.48  99999.0      6.0  3859.50  1961.48  1.00000
 1558685   920.04  3864.06  1963.80  99999.0      6.2  3864.06  1963.80  1.00000
 1558752   920.26  3868.05  1965.83  99999.0      6.4  3868.05  1965.83  1.00000
 1558818   920.44  3871.17  1967.41  99999.0      6.5  3871.17  1967.41  1.00000
 1558885   920.60  3874.14  1968.93  99999.0      6.7  3874.14  1968.93  1.00000
 1558951   920.76  3877.08  1970.42  99999.0      6.8  3877.08  1970.42  1.00000
 1559018   920.93  3880.07  1971.94  99999.0      7.0  3880.07  1971.94  1.00000
 1559084   921.09  3883.10  1973.47  99999.0      7.2  3883.10  1973.47  1.00000
 1559151   921.26  3886.13  1975.02  99999.0      7.4  3886.13  1975.02  1.00000
 1559217   921.42  3889.18  1976.56  99999.0      7.6  3889.18  1976.56  1.00000
 1559283   921.59  3892.22  1978.11  99999.0      7.8  3892.22  1978.11  1.00000
 1559350   921.75  3895.28  1979.66  99999.0      8.0  3895.28  1979.66  1.00000
 1559416   921.92  3898.34  1981.22  99999.0      8.2  3898.34  1981.22  1.00000
 1559483   922.08  3901.41  1982.78  99999.0      8.4  3901.41  1982.78  1.00000
 1559549   922.25  3904.48  1984.34  99999.0      8.7  3904.48  1984.34  1.00000
 1559616   922.41  3907.56  1985.91  99999.0      8.9  3907.56  1985.91  1.00000
 1559682   922.58  3910.65  1987.48  99999.0      9.2  3910.65  1987.48  1.00000
 1559749   922.74  3913.74  1989.05  99999.0      9.5  3913.74  1989.05  1.00000
 1559815   922.91  3916.84  1990.62  99999.0      9.8  3916.84  1990.62  1.00000
 1559882   923.07  3919.94  1992.20  99999.0     10.1  3919.94  1992.20  1.00000
 1559948   923.23  3923.05  1993.78  99999.0     10.4  3923.05  1993.78  1.00000
 1560015   923.40  3926.15  1995.36  99999.0     10.7  3926.15  1995.36  1.00000
 1560081   923.56  3929.26  1996.94  99999.0     11.1  3929.26  1996.94  1.00000
 1560148   923.72  3932.37  1998.51  99999.0     11.4  3932.37  1998.51  1.00000
 1560214   923.89  3935.49  2000.09  99999.0     11.8  3935.49  2000.09  1.00000
 1560281   924.05  3938.60  2001.68  99999.0     12.2  3938.60  2001.68  1.00000
 1560347   924.21  3941.72  2003.26  99999.0     12.6  3941.72  2003.26  1.00000
 1560413   924.37  3944.83  2004.85  99999.0     13.1  3944.83  2004.85  1.00000
 1560480   924.53  3947.95  2006.43  99999.0     13.6  3947.95  2006.43  1.00000
 1560546   924.69  3951.06  2008.02  99999.0     14.0  3951.06  2008.02  1.00000
 1560613   924.85  3954.18  2009.60  99999.0     14.6  3954.18  2009.60  1.00000
 1560679   925.01  3957.29  2011.18  99999.0     15.1  3957.29  2011.18  1.00000
 1560746   925.17  3960.39  2012.76  99999.0     15.7  3960.39  2012.76  1.00000
 1560812   925.33  3963.50  2014.34  99999.0     16.3  3963.50  2014.34  1.00000
 1560879   925.48  3966.60  2015.91  99999.0     17.0  3966.60  2015.91  1.00000
 1560945   925.64  3969.70  2017.49  99999.0     17.6  3969.70  2017.49  1.00000
 1561012   925.80  3972.79  2019.06  99999.0     18.4  3972.79  2019.06  1.00000
 1561078   925.95  3975.88  2020.63  99999.0     19.1  3975.88  2020.63  1.00000
 1561145   926.11  3978.97  2022.19  99999.0     20.0  3978.97  2022.19  1.00000
 1561211   926.26  3982.04  2023.76  99999.0     20.8  3982.04  2023.76  1.00000
 1561278   926.41  3985.11  2025.32  99999.0     21.8  3985.11  2025.32  1.00000
 1561344   926.56  3988.17  2026.87  99999.0     22.7  3988.17  2026.87  1.00000
 1561411   926.72  3991.23  2028.43  99999.0     23.8  3991.23  2028.43  1.00000
 1561477   926.87  3994.27  2029.98  99999.0     24.9  3994.27  2029.98  1.00000
 1561543   927.02  3997.30  2031.52  99999.0     26.1  3997.30  2031.52  1.00000
 1561610   927.16  4000.33  2033.05  99999.0     27.4  4000.33  2033.05  1.00000
 1561676   927.31  4003.34  2034.58  99999.0     28.7  4003.34  2034.58  1.00000
 1561743   927.46  4006.34  2036.11  99999.0     30.2  4006.34  2036.11  1.00000
 1561809   927.61  4009.33  2037.63  99999.0     31.8  4009.33  2037.63  1.00000
 1561876   927.75  4012.30  2039.14  99999.0     33.4  4012.30  2039.14  1.00000
 1561942   927.89  4015.26  2040.64  99999.0     35.2  4015.26  2040.64  1.00000
 1562009   928.04  4018.20  2042.14  99999.0     37.2  4018.20  2042.14  1.00000
 1562075   928.18  4021.12  2043.62  99999.0     39.3  4021.12  2043.62  1.00000
 1562142   928.32  4024.04  2045.10  99999.0     41.5  4024.04  2045.10  1.00000
 1562208   928.46  4026.93  2046.57  99999.0     44.0  4026.93  2046.57  1.00000
 1562275   928.59  4029.80  2048.03  99999.0     46.6  4029.80  2048.03  1.00000
 1562341   928.73  4032.66  2049.48  99999.0     49.5  4032.66  2049.48  1.00000
 1562408   928.86  4035.49  2050.92  99999.0     52.6  4035.49  2050.92  1.00000
 1562474   929.00  4038.31  2052.36  99999.0     55.9  4038.31  2052.36  1.00000
 1562541   929.13  4041.10  2053.77  99999.0     59.6  4041.10  2053.77  1.00000
 1562607   929.26  4043.87  2055.18  99999.0     63.6  4043.87  2055.18  1.00000
 1562673   929.39  4046.63  2056.58  99999.0     67.9  4046.63  2056.58  1.00000
 1562740   929.52  4049.35  2057.96  99999.0     72.7  4049.35  2057.96  1.00000
 1562806   929.64  4052.05  2059.33  99999.0     77.9  4052.05  2059.33  1.00000
 1562873   929.77  4054.72  2060.70  99999.0     83.6  4054.72  2060.70  1.00000
 1562939   929.89  4057.37  2062.04  99999.0     89.9  4057.37  2062.04  1.00000
 1563006   930.01  4059.99  2063.38  99999.0     96.8  4059.99  2063.38  1.00000
 1563072   930.13  4062.58  2064.69  99999.0    104.4  4062.58  2064.69  1.00000
 1563139   930.25  4065.15  2066.00  99999.0    112.9  4065.15  2066.00  1.00000
 1563205   930.37  4067.68  2067.28  99999.0    122.3  4067.68  2067.28  1.00000
 1563272   930.48  4070.19  2068.55  99999.0    132.6  4070.19  2068.55  1.00000
 1563338   930.59  4072.66  2069.81  99999.0    144.2  4072.66  2069.81  1.00000
 1563405   930.70  4075.11  2071.05  99999.0    157.2  4075.11  2071.05  1.00000
 1563471   930.81  4077.52  2072.27  99999.0    171.6  4077.52  2072.27  1.00000
 1563538   930.92  4079.89  2073.48  99999.0    187.8  4079.89  2073.48  1.00000
 1563604   931.02  4082.23  2074.67  99999.0    206.0  4082.23  2074.67  1.00000
 1563671   931.13  4084.53  2075.84  99999.0    226.7  4084.53  2075.84  1.00000
 1563737   931.23  4086.80  2077.00  99999.0    249.9  4086.80  2077.00  1.00000
 1563804   931.33  4089.03  2078.13  99999.0    276.1  4089.03  2078.13  1.00000
 1563870   931.42  4091.23  2079.25  99999.0    306.1  4091.23  2079.25  1.00000
 1563936   931.52  4093.39  2080.35  99999.0    340.5  4093.39  2080.35  1.00000
 1564003   931.61  4095.51  2081.43  99999.0    379.3  4095.51  2081.43  1.00000
 1564069   931.70  4097.59  2082.48  99999.0    424.1  4097.59  2082.48  1.00000
 1564136   931.79  4099.63  2083.52  99999.0    476.4  4099.63  2083.52  1.00000
 1564202   931.87  4101.63  2084.54  99999.0    536.6  4101.63  2084.54  1.00000
 1564269   931.96  4103.59  2085.53  99999.0    605.5  4103.59  2085.53  1.00000
 1564335   932.04  4105.50  2086.51  99999.0    686.9  4105.50  2086.51  1.00000
 1564402   932.12  4107.38  2087.46  99999.0    783.0  4107.38  2087.46  1.00000
 1564468   932.19  4109.21  2088.39  99999.0    895.1  4109.21  2088.39  1.00000
 1564535   932.27  4111.00  2089.30  99999.0   1025.6  4111.00  2089.30  1.00000
 1564601   932.34  4112.74  2090.18  99999.0   1184.0  4112.74  2090.18  1.00000
 1564668   932.41  4114.44  2091.05  99999.0   1374.0  4114.44  2091.05  1.00000
 1564734   932.47  4116.09  2091.88  99999.0   1598.1  4116.09  2091.88  1.00000
 1564801   932.54  4117.70  2092.70  99999.0   1872.3  4117.70  2092.70  1.00000
 1564867   932.60  4119.26  2093.49  99999.0   2222.0  4119.26  2093.49  1.00000
 1564934   932.66  4120.77  2094.26  99999.0   2634.3  4120.77  2094.26  1.00000
 1565000   932.72  4122.24  2095.01  99999.0   3095.0  4122.24  2095.01  1.00000
