aicehot_5km_prem.txt
  1    1.000000  1
240 91 159 240
       0  8165.02  5219.09  2751.78  99999.0  10000.0  5219.09  2751.78  1.00000
   19249  8164.69  5218.91  2751.70  99999.0  10000.0  5218.91  2751.70  1.00000
   38498  8163.70  5218.38  2751.45  99999.0  10000.0  5218.38  2751.45  1.00000
   57747  8162.05  5217.49  2751.04  99999.0  10000.0  5217.49  2751.04  1.00000
   76997  8159.75  5216.24  2750.47  99999.0  10000.0  5216.24  2750.47  1.00000
   96246  8156.79  5214.63  2749.73  99999.0  10000.0  5214.63  2749.73  1.00000
  115495  8153.18  5212.67  2748.82  99999.0  10000.0  5212.67  2748.82  1.00000
  134744  8148.91  5210.35  2747.75  99999.0  10000.0  5210.35  2747.75  1.00000
  153993  8143.99  5207.67  2746.52  99999.0  10000.0  5207.67  2746.52  1.00000
  173242  8138.42  5204.63  2745.12  99999.0  10000.0  5204.63  2745.12  1.00000
  192492  8132.20  5201.23  2743.55  99999.0  10000.0  5201.23  2743.55  1.00000
  211741  8125.33  5197.46  2741.82  99999.0  10000.0  5197.46  2741.82  1.00000
  230990  8117.81  5193.33  2739.91  99999.0  10000.0  5193.33  2739.91  1.00000
  250239  8109.65  5188.83  2737.84  99999.0  10000.0  5188.83  2737.84  1.00000
  269488  8100.85  5183.97  2735.60  99999.0  10000.0  5183.97  2735.60  1.00000
  288737  8091.40  5178.73  2733.19  99999.0  10000.0  5178.73  2733.19  1.00000
  307987  8081.31  5173.12  2730.61  99999.0  10000.0  5173.12  2730.61  1.00000
  327236  8070.59  5167.13  2727.86  99999.0  10000.0  5167.13  2727.86  1.00000
  389796  8031.38  5145.05  2717.70  99999.0  10000.0  5145.05  2717.70  1.00000
  409045  8017.98  5137.43  2714.20  99999.0  10000.0  5137.43  2714.20  1.00000
  428294  8003.96  5129.43  2710.52  99999.0  10000.0  5129.43  2710.52  1.00000
  447543  7989.33  5121.03  2706.66  99999.0  10000.0  5121.03  2706.66  1.00000
  457168  7981.78  5116.68  2704.66  99999.0  10000.0  5116.68  2704.66  1.00000
  461980  7977.95  5114.46  2703.64  99999.0  10000.0  5114.46  2703.64  1.00000
  466792  3483.36  7694.33  4301.41  99999.0    167.0  7694.33  4301.41  1.00000
  490854  3479.65  7678.03  4297.04  99999.0    163.3  7678.03  4297.04  1.00000
  505291  3475.15  7657.33  4290.25  99999.0    161.1  7657.33  4290.25  1.00000
  519727  3476.43  7664.43  4294.03  99999.0    158.9  7664.43  4294.03  1.00000
  534164  3471.68  7642.53  4286.70  99999.0    156.7  7642.53  4286.70  1.00000
  577475  3470.00  7636.91  4288.12  99999.0    149.3  7636.91  4288.12  1.00000
  601536  3465.60  7618.06  4283.73  99999.0    145.3  7618.06  4283.73  1.00000
  615973  3457.05  7582.42  4275.54  99999.0    142.8  7582.42  4275.54  1.00000
  630410  3461.56  7601.50  4280.80  99999.0    140.5  7601.50  4280.80  1.00000
  644847  3453.75  7568.43  4272.87  99999.0    138.1  7568.43  4272.87  1.00000
  659284  3456.80  7582.29  4277.80  99999.0    135.8  7582.29  4277.80  1.00000
  673721  3449.79  7551.93  4270.08  99999.0    133.5  7551.93  4270.08  1.00000
  688158  3451.30  7560.30  4274.68  99999.0    131.3  7560.30  4274.68  1.00000
  702594  3446.60  7538.26  4267.55  99999.0    129.1  7538.26  4267.55  1.00000
  717031  3441.86  7516.07  4260.38  99999.0    126.8  7516.07  4260.38  1.00000
  731468  3443.33  7524.27  4264.94  99999.0    124.7  7524.27  4264.94  1.00000
  745905  3438.63  7502.33  4257.87  99999.0    122.4  7502.33  4257.87  1.00000
  760342  3440.07  7510.49  4262.42  99999.0    120.0  7510.49  4262.42  1.00000
  774779  3435.25  7487.54  4255.07  99999.0    117.6  7487.54  4255.07  1.00000
  798840  3431.48  7470.47  4250.98  99999.0    113.7  7470.47  4250.98  1.00000
  813277  3433.11  7479.97  4256.02  99999.0    111.3  7479.97  4256.02  1.00000
  827714  3428.29  7456.91  4248.73  99999.0    109.1  7456.91  4248.73  1.00000
  842151  3429.95  7466.58  4253.85  99999.0    106.8  7466.58  4253.85  1.00000
  856588  3425.10  7443.42  4246.54  99999.0    104.6  7443.42  4246.54  1.00000
  871025  3420.21  7420.24  4239.22  99999.0    102.5  7420.24  4239.22  1.00000
  885462  3428.48  7462.90  4256.89  99999.0    100.3  7462.90  4256.89  1.00000
  899898  3423.64  7439.99  4249.67  99999.0     98.2  7439.99  4249.67  1.00000
  914335  3425.36  7449.66  4254.90  99999.0     96.2  7449.66  4254.90  1.00000
  928772  3420.50  7426.65  4247.69  99999.0     94.1  7426.65  4247.69  1.00000
  943209  3413.98  7396.03  4237.67  99999.0     91.9  7396.03  4237.67  1.00000
  957646  3415.38  7404.58  4242.42  99999.0     89.6  7404.58  4242.42  1.00000
  972083  3403.15  7348.34  4222.77  99999.0     87.4  7348.34  4222.77  1.00000
 1025018  3396.12  7317.39  4217.30  99999.0     79.6  7317.39  4217.30  1.00000
 1068329  3387.79  7278.80  4208.18  99999.0     73.7  7278.80  4208.18  1.00000
 1082765  3382.62  7253.85  4200.76  99999.0     71.7  7253.85  4200.76  1.00000
 1097202  3384.56  7265.05  4206.52  99999.0     69.7  7265.05  4206.52  1.00000
 1102015  3385.21  7268.80  4208.45  99999.0     69.0  7268.80  4208.45  1.00000
 1116452  3380.01  7243.62  4201.02  99999.0     67.1  7243.62  4201.02  1.00000
 1121264  3380.67  7247.39  4202.97  99999.0     66.5  7247.39  4202.97  1.00000
 1135701  3375.42  7221.88  4195.50  99999.0     64.6  7221.88  4195.50  1.00000
 1140513  3376.09  7225.74  4197.47  99999.0     63.9  7225.74  4197.47  1.00000
 1154950  3370.77  7199.55  4189.73  99999.0     62.1  7199.55  4189.73  1.00000
 1169387  3372.80  7211.39  4195.69  99999.0     60.3  7211.39  4195.69  1.00000
 1183824  3367.46  7185.32  4188.12  99999.0     58.6  7185.32  4188.12  1.00000
 1198260  3362.07  7159.31  4180.55  99999.0     56.9  7159.31  4180.55  1.00000
 1212697  3364.16  7171.31  4186.64  99999.0     55.3  7171.31  4186.64  1.00000
 1227134  3366.25  7183.52  4192.71  99999.0     53.6  7183.52  4192.71  1.00000
 1241571  3360.89  7157.10  4185.22  99999.0     51.9  7157.10  4185.22  1.00000
 1256008  3363.01  7169.66  4191.35  99999.0     50.2  7169.66  4191.35  1.00000
 1270445  3357.59  7143.07  4183.86  99999.0     48.7  7143.07  4183.86  1.00000
 1275257  3358.31  7147.33  4185.92  99999.0     48.1  7147.33  4185.92  1.00000
 1289694  3352.68  7120.39  4179.33  99999.0     46.6  7120.39  4179.33  1.00000
 1304131  3355.01  7133.42  4184.82  99999.0     45.1  7133.42  4184.82  1.00000
 1308943  3347.18  7097.48  4178.01  99999.0     44.6  7097.48  4178.01  1.00000
 1323380  3350.06  7110.74  4180.49  99999.0     43.2  7110.74  4180.49  1.00000
 1328192  3343.33  7079.75  4174.65  99999.0     42.7  7079.75  4174.65  1.00000
 1342629  3344.83  7087.69  4177.39  99999.0     41.3  7087.69  4177.39  1.00000
 1347441  3354.18  7138.09  4196.24  99999.0     50.1  7138.09  4196.24  1.00000
 1352254  3340.65  7121.52  4182.66  99999.0     65.9  7121.52  4182.66  1.00000
 1357066  3364.24  7206.42  4230.10  99999.0     88.8  7206.42  4230.10  1.00000
 1371503  3365.04  7290.40  4260.83  99999.0    264.0  7290.40  4260.83  1.00000
 1385940  3387.24  7420.16  4326.39  99999.0   1190.2  7420.16  4326.39  1.00000
 1400377  3397.89  7522.05  4364.02  99999.0  10959.1  7522.05  4364.02  1.00000
 1414814  3411.02  7603.89  4410.96  99999.0  99999.0  7603.89  4410.96  1.00000
 1429250  3440.61  7731.03  4478.01  99999.0  99999.0  7731.03  4478.01  1.00000
 1434063  3466.90  7799.07  4521.26  99999.0  99999.0  7799.07  4521.26  1.00000
 1438875  3440.84  7758.00  4491.18  99999.0  99999.0  7758.00  4491.18  1.00000
 1438875  1074.41  1723.88     0.00  99999.0  99999.0  1723.88     0.00  1.00000
 1440703  1073.44  1718.86     0.00  99999.0  99999.0  1718.86     0.00  1.00000
 1442531  1072.47  1713.85     0.00  99999.0  99999.0  1713.85     0.00  1.00000
 1444359  1071.50  1708.83     0.00  99999.0  99999.0  1708.83     0.00  1.00000
 1446187  1070.52  1703.82     0.00  99999.0  99999.0  1703.82     0.00  1.00000
 1448014  1069.54  1698.82     0.00  99999.0  99999.0  1698.82     0.00  1.00000
 1453498  1066.58  1683.82     0.00  99999.0  99999.0  1683.82     0.00  1.00000
 1456545  1064.93  1675.49     0.00  99999.0  99999.0  1675.49     0.00  1.00000
 1458372  1063.92  1670.51     0.00  99999.0  99999.0  1670.51     0.00  1.00000
 1460200  1062.92  1665.52     0.00  99999.0  99999.0  1665.52     0.00  1.00000
 1462028  1061.91  1660.54     0.00  99999.0  99999.0  1660.54     0.00  1.00000
 1463856  1060.90  1655.57     0.00  99999.0  99999.0  1655.57     0.00  1.00000
 1465684  1059.90  1650.61     0.00  99999.0  99999.0  1650.61     0.00  1.00000
 1467512  1058.87  1645.66     0.00  99999.0  99999.0  1645.66     0.00  1.00000
 1469340  1057.86  1640.71     0.00  99999.0  99999.0  1640.71     0.00  1.00000
 1471168  1056.84  1635.77     0.00  99999.0  99999.0  1635.77     0.00  1.00000
 1472996  1055.81  1630.84     0.00  99999.0  99999.0  1630.84     0.00  1.00000
 1474823  1054.78  1625.92     0.00  99999.0  99999.0  1625.92     0.00  1.00000
 1476651  1053.74  1621.02     0.00  99999.0  99999.0  1621.02     0.00  1.00000
 1478479  1052.71  1616.13     0.00  99999.0  99999.0  1616.13     0.00  1.00000
 1480307  1051.68  1611.24     0.00  99999.0  99999.0  1611.24     0.00  1.00000
 1482135  1050.63  1606.37     0.00  99999.0  99999.0  1606.37     0.00  1.00000
 1483963  1049.58  1601.51     0.00  99999.0  99999.0  1601.51     0.00  1.00000
 1485791  1048.54  1596.66     0.00  99999.0  99999.0  1596.66     0.00  1.00000
 1487619  1047.48  1591.84     0.00  99999.0  99999.0  1591.84     0.00  1.00000
 1489447  1046.42  1587.02     0.00  99999.0  99999.0  1587.02     0.00  1.00000
 1491274  1045.37  1582.22     0.00  99999.0  99999.0  1582.22     0.00  1.00000
 1493102  1044.30  1577.43     0.00  99999.0  99999.0  1577.43     0.00  1.00000
 1494930  1043.23  1572.67     0.00  99999.0  99999.0  1572.67     0.00  1.00000
 1496758  1042.17  1567.93     0.00  99999.0  99999.0  1567.93     0.00  1.00000
 1498586  1041.09  1563.20     0.00  99999.0  99999.0  1563.20     0.00  1.00000
 1500414  1040.01  1558.48     0.00  99999.0  99999.0  1558.48     0.00  1.00000
 1502242  1038.92  1553.79     0.00  99999.0  99999.0  1553.79     0.00  1.00000
 1504070  1037.84  1549.12     0.00  99999.0  99999.0  1549.12     0.00  1.00000
 1505898  1036.75  1544.47     0.00  99999.0  99999.0  1544.47     0.00  1.00000
 1507726  1035.66  1539.84     0.00  99999.0  99999.0  1539.84     0.00  1.00000
 1509553  1034.57  1535.24     0.00  99999.0  99999.0  1535.24     0.00  1.00000
 1510163  1034.20  1533.70     0.00  99999.0  99999.0  1533.70     0.00  1.00000
 1510772  1033.84  1532.17     0.00  99999.0  99999.0  1532.17     0.00  1.00000
 1511381  1033.46  1530.64     0.00  99999.0  99999.0  1530.64     0.00  1.00000
 1511991  1033.10  1529.12     0.00  99999.0  99999.0  1529.12     0.00  1.00000
 1512600  1032.73  1527.60     0.00  99999.0  99999.0  1527.60     0.00  1.00000
 1514428  1031.62  1523.05     0.00  99999.0  99999.0  1523.05     0.00  1.00000
 1516256  1030.52  1518.53     0.00  99999.0  99999.0  1518.53     0.00  1.00000
 1518084  1029.40  1514.03     0.00  99999.0  99999.0  1514.03     0.00  1.00000
 1519911  1028.29  1509.55     0.00  99999.0  99999.0  1509.55     0.00  1.00000
 1521739  1027.17  1505.10     0.00  99999.0  99999.0  1505.10     0.00  1.00000
 1523567  1026.04  1500.67     0.00  99999.0  99999.0  1500.67     0.00  1.00000
 1525395  1024.92  1496.27     0.00  99999.0  99999.0  1496.27     0.00  1.00000
 1527223  1023.79  1491.89     0.00  99999.0  99999.0  1491.89     0.00  1.00000
 1529051  1022.65  1487.54     0.00  99999.0  99999.0  1487.54     0.00  1.00000
 1530879  1021.51  1483.22     0.00  99999.0  99999.0  1483.22     0.00  1.00000
 1532707  1020.37  1478.92     0.00  99999.0  99999.0  1478.92     0.00  1.00000
 1534535  1019.23  1474.65     0.00  99999.0  99999.0  1474.65     0.00  1.00000
 1536362  1018.08  1470.41     0.00  99999.0  99999.0  1470.41     0.00  1.00000
 1538190  1016.93  1466.19     0.00  99999.0  99999.0  1466.19     0.00  1.00000
 1540018  1015.77  1462.00     0.00  99999.0  99999.0  1462.00     0.00  1.00000
 1541846  1014.61  1457.84     0.00  99999.0  99999.0  1457.84     0.00  1.00000
 1543674  1013.45  1453.70     0.00  99999.0  99999.0  1453.70     0.00  1.00000
 1545502  1012.28  1449.60     0.00  99999.0  99999.0  1449.60     0.00  1.00000
 1547330  1011.11  1445.51     0.00  99999.0  99999.0  1445.51     0.00  1.00000
 1549158  1009.94  1441.45     0.00  99999.0  99999.0  1441.45     0.00  1.00000
 1550986  1008.76  1437.42     0.00  99999.0  99999.0  1437.42     0.00  1.00000
 1552813  1007.58  1433.42     0.00  99999.0  99999.0  1433.42     0.00  1.00000
 1554641  1006.39  1429.44     0.00  99999.0  99999.0  1429.44     0.00  1.00000
 1556469  1005.21  1425.50     0.00  99999.0  99999.0  1425.50     0.00  1.00000
 1559516  1003.22  1418.98     0.00  99999.0  99999.0  1418.98     0.00  1.00000
 1560125  1002.82  1417.67     0.00  99999.0  99999.0  1417.67     0.00  1.00000
 1560125   918.43  3837.93  1950.51  99999.0      5.0  3837.93  1950.51  1.00000
 1560190   918.89  3846.01  1954.62  99999.0      5.4  3846.01  1954.62  1.00000
 1560255   919.34  3853.76  1958.56  99999.0      5.8  3853.76  1958.56  1.00000
 1560321   919.75  3860.96  1962.22  99999.0      6.1  3860.96  1962.22  1.00000
 1560386   920.11  3867.43  1965.51  99999.0      6.4  3867.43  1965.51  1.00000
 1560451   920.43  3872.96  1968.32  99999.0      6.7  3872.96  1968.32  1.00000
 1560516   920.67  3877.37  1970.56  99999.0      7.0  3877.37  1970.56  1.00000
 1560582   920.86  3880.80  1972.30  99999.0      7.2  3880.80  1972.30  1.00000
 1560647   921.02  3883.69  1973.77  99999.0      7.3  3883.69  1973.77  1.00000
 1560712   921.17  3886.48  1975.19  99999.0      7.5  3886.48  1975.19  1.00000
 1560728   921.21  3887.22  1975.57  99999.0      7.6  3887.22  1975.57  1.00000
 1560745   921.26  3887.99  1975.96  99999.0      7.6  3887.99  1975.96  1.00000
 1560761   921.30  3888.78  1976.36  99999.0      7.7  3888.78  1976.36  1.00000
 1560777   921.34  3889.58  1976.77  99999.0      7.7  3889.58  1976.77  1.00000
 1560842   921.52  3892.80  1978.40  99999.0      7.9  3892.80  1978.40  1.00000
 1560908   921.70  3896.07  1980.06  99999.0      8.2  3896.07  1980.06  1.00000
 1560973   921.88  3899.38  1981.74  99999.0      8.4  3899.38  1981.74  1.00000
 1561038   922.06  3902.73  1983.44  99999.0      8.7  3902.73  1983.44  1.00000
 1561103   922.24  3906.12  1985.17  99999.0      9.0  3906.12  1985.17  1.00000
 1561168   922.42  3909.55  1986.91  99999.0      9.3  3909.55  1986.91  1.00000
 1561234   922.61  3913.02  1988.68  99999.0      9.6  3913.02  1988.68  1.00000
 1561299   922.80  3916.53  1990.46  99999.0      9.9  3916.53  1990.46  1.00000
 1561364   922.99  3920.08  1992.26  99999.0     10.3  3920.08  1992.26  1.00000
 1561429   923.18  3923.67  1994.09  99999.0     10.6  3923.67  1994.09  1.00000
 1561495   923.37  3927.29  1995.93  99999.0     11.0  3927.29  1995.93  1.00000
 1561560   923.56  3930.94  1997.78  99999.0     11.5  3930.94  1997.78  1.00000
 1561625   923.76  3934.63  1999.66  99999.0     11.9  3934.63  1999.66  1.00000
 1561690   923.95  3938.35  2001.55  99999.0     12.4  3938.35  2001.55  1.00000
 1561707   924.00  3939.29  2002.03  99999.0     12.5  3939.29  2002.03  1.00000
 1561772   924.20  3943.05  2003.94  99999.0     13.1  3943.05  2003.94  1.00000
 1561837   924.39  3946.83  2005.86  99999.0     13.6  3946.83  2005.86  1.00000
 1561902   924.59  3950.65  2007.80  99999.0     14.3  3950.65  2007.80  1.00000
 1561967   924.79  3954.50  2009.76  99999.0     14.9  3954.50  2009.76  1.00000
 1562033   924.99  3958.37  2011.72  99999.0     15.6  3958.37  2011.72  1.00000
 1562098   925.19  3962.26  2013.71  99999.0     16.4  3962.26  2013.71  1.00000
 1562163   925.39  3966.18  2015.70  99999.0     17.2  3966.18  2015.70  1.00000
 1562228   925.59  3970.12  2017.70  99999.0     18.1  3970.12  2017.70  1.00000
 1562293   925.79  3974.08  2019.71  99999.0     19.1  3974.08  2019.71  1.00000
 1562359   925.99  3978.06  2021.73  99999.0     20.1  3978.06  2021.73  1.00000
 1562424   926.20  3982.05  2023.76  99999.0     21.3  3982.05  2023.76  1.00000
 1562636   926.85  3995.10  2030.39  99999.0     25.8  3995.10  2030.39  1.00000
 1562701   927.05  3999.13  2032.44  99999.0     27.5  3999.13  2032.44  1.00000
 1562766   927.25  4003.16  2034.49  99999.0     29.3  4003.16  2034.49  1.00000
 1562832   927.45  4007.19  2036.54  99999.0     31.4  4007.19  2036.54  1.00000
 1562897   927.65  4011.23  2038.59  99999.0     33.6  4011.23  2038.59  1.00000
 1562962   927.84  4015.25  2040.64  99999.0     36.1  4015.25  2040.64  1.00000
 1563027   928.04  4019.27  2042.68  99999.0     38.9  4019.27  2042.68  1.00000
 1563092   928.23  4023.29  2044.72  99999.0     42.0  4023.29  2044.72  1.00000
 1563158   928.43  4027.30  2046.76  99999.0     45.5  4027.30  2046.76  1.00000
 1563223   928.62  4031.28  2048.79  99999.0     49.3  4031.28  2048.79  1.00000
 1563288   928.81  4035.25  2050.80  99999.0     53.7  4035.25  2050.80  1.00000
 1563353   929.00  4039.21  2052.81  99999.0     58.6  4039.21  2052.81  1.00000
 1563418   929.19  4043.14  2054.81  99999.0     64.2  4043.14  2054.81  1.00000
 1563484   929.37  4047.04  2056.79  99999.0     70.6  4047.04  2056.79  1.00000
 1563549   929.56  4050.91  2058.75  99999.0     77.8  4050.91  2058.75  1.00000
 1563614   929.74  4054.74  2060.71  99999.0     86.1  4054.74  2060.71  1.00000
 1563679   929.92  4058.54  2062.64  99999.0     95.7  4058.54  2062.64  1.00000
 1563745   930.09  4062.30  2064.55  99999.0    106.7  4062.30  2064.55  1.00000
 1563810   930.26  4066.01  2066.44  99999.0    119.5  4066.01  2066.44  1.00000
 1563875   930.43  4069.69  2068.31  99999.0    134.5  4069.69  2068.31  1.00000
 1563940   930.60  4073.31  2070.15  99999.0    152.2  4073.31  2070.15  1.00000
 1563957   930.64  4074.21  2070.61  99999.0    157.1  4074.21  2070.61  1.00000
 1563973   930.68  4075.10  2071.06  99999.0    162.1  4075.10  2071.06  1.00000
 1563989   930.72  4075.99  2071.51  99999.0    167.3  4075.99  2071.51  1.00000
 1564005   930.76  4076.87  2071.96  99999.0    172.7  4076.87  2071.96  1.00000
 1564071   930.92  4080.38  2073.74  99999.0    197.3  4080.38  2073.74  1.00000
 1564136   931.08  4083.84  2075.49  99999.0    227.1  4083.84  2075.49  1.00000
 1564201   931.23  4087.23  2077.21  99999.0    262.8  4087.23  2077.21  1.00000
 1564266   931.37  4090.54  2078.90  99999.0    305.0  4090.54  2078.90  1.00000
 1564332   931.52  4093.79  2080.55  99999.0    357.6  4093.79  2080.55  1.00000
 1564397   931.66  4096.97  2082.17  99999.0    423.2  4096.97  2082.17  1.00000
 1564462   931.79  4100.07  2083.74  99999.0    503.6  4100.07  2083.74  1.00000
 1564527   931.92  4103.07  2085.27  99999.0    601.4  4103.07  2085.27  1.00000
 1564592   932.05  4106.01  2086.76  99999.0    730.0  4106.01  2086.76  1.00000
 1564658   932.17  4108.86  2088.21  99999.0    896.4  4108.86  2088.21  1.00000
 1564723   932.28  4111.62  2089.61  99999.0   1105.3  4111.62  2089.61  1.00000
 1564788   932.39  4114.26  2090.96  99999.0   1380.2  4114.26  2090.96  1.00000
 1564853   932.50  4116.82  2092.26  99999.0   1792.7  4116.82  2092.26  1.00000
 1564918   932.60  4119.29  2093.51  99999.0   2320.9  4119.29  2093.51  1.00000
 1564984   932.70  4121.66  2094.72  99999.0   2932.8  4121.66  2094.72  1.00000
 1565000   932.72  4122.24  2095.01  99999.0   3095.0  4122.24  2095.01  1.00000
