aicehot_40km_prem.txt
  1    1.000000  1
800 300 500 0
       0  8164.52  5218.79  2751.63  99999.0  10000.0  5218.79  2751.63  1.00000
    4812  8164.50  5218.78  2751.63  99999.0  10000.0  5218.78  2751.63  1.00000
    9625  8164.43  5218.74  2751.61  99999.0  10000.0  5218.74  2751.61  1.00000
   14437  8164.33  5218.69  2751.59  99999.0  10000.0  5218.69  2751.59  1.00000
   19249  8164.18  5218.61  2751.55  99999.0  10000.0  5218.61  2751.55  1.00000
   24061  8164.00  5218.51  2751.50  99999.0  10000.0  5218.51  2751.50  1.00000
   28874  8163.77  5218.39  2751.45  99999.0  10000.0  5218.39  2751.45  1.00000
   33686  8163.50  5218.24  2751.38  99999.0  10000.0  5218.24  2751.38  1.00000
   38498  8163.19  5218.07  2751.30  99999.0  10000.0  5218.07  2751.30  1.00000
   43311  8162.85  5217.89  2751.22  99999.0  10000.0  5217.89  2751.22  1.00000
   48123  8162.45  5217.68  2751.11  99999.0  10000.0  5217.68  2751.11  1.00000
   52935  8162.02  5217.43  2751.01  99999.0  10000.0  5217.43  2751.01  1.00000
   57747  8161.55  5217.18  2750.89  99999.0  10000.0  5217.18  2750.89  1.00000
   62560  8161.03  5216.91  2750.76  99999.0  10000.0  5216.91  2750.76  1.00000
   67372  8160.48  5216.60  2750.63  99999.0  10000.0  5216.60  2750.63  1.00000
   72184  8159.88  5216.27  2750.47  99999.0  10000.0  5216.27  2750.47  1.00000
   76997  8159.25  5215.93  2750.32  99999.0  10000.0  5215.93  2750.32  1.00000
   81809  8158.57  5215.57  2750.15  99999.0  10000.0  5215.57  2750.15  1.00000
   86621  8157.85  5215.17  2749.97  99999.0  10000.0  5215.17  2749.97  1.00000
   91434  8157.09  5214.77  2749.77  99999.0  10000.0  5214.77  2749.77  1.00000
   96246  8156.29  5214.33  2749.58  99999.0  10000.0  5214.33  2749.58  1.00000
  101058  8155.45  5213.87  2749.37  99999.0  10000.0  5213.87  2749.37  1.00000
  105870  8154.57  5213.39  2749.15  99999.0  10000.0  5213.39  2749.15  1.00000
  110683  8153.64  5212.89  2748.91  99999.0  10000.0  5212.89  2748.91  1.00000
  115495  8152.67  5212.36  2748.67  99999.0  10000.0  5212.36  2748.67  1.00000
  120307  8151.67  5211.82  2748.42  99999.0  10000.0  5211.82  2748.42  1.00000
  125120  8150.63  5211.25  2748.16  99999.0  10000.0  5211.25  2748.16  1.00000
  129932  8149.54  5210.66  2747.88  99999.0  10000.0  5210.66  2747.88  1.00000
  134744  8148.41  5210.04  2747.60  99999.0  10000.0  5210.04  2747.60  1.00000
  139556  8147.24  5209.41  2747.31  99999.0  10000.0  5209.41  2747.31  1.00000
  144369  8146.03  5208.75  2747.01  99999.0  10000.0  5208.75  2747.01  1.00000
  149181  8144.78  5208.07  2746.70  99999.0  10000.0  5208.07  2746.70  1.00000
  153993  8143.49  5207.36  2746.37  99999.0  10000.0  5207.36  2746.37  1.00000
  158806  8142.15  5206.64  2746.04  99999.0  10000.0  5206.64  2746.04  1.00000
  163618  8140.79  5205.89  2745.69  99999.0  10000.0  5205.89  2745.69  1.00000
  168430  8139.37  5205.12  2745.34  99999.0  10000.0  5205.12  2745.34  1.00000
  173242  8137.92  5204.32  2744.97  99999.0  10000.0  5204.32  2744.97  1.00000
  178055  8136.42  5203.51  2744.60  99999.0  10000.0  5203.51  2744.60  1.00000
  182867  8134.89  5202.67  2744.21  99999.0  10000.0  5202.67  2744.21  1.00000
  187679  8133.31  5201.80  2743.81  99999.0  10000.0  5201.80  2743.81  1.00000
  192492  8131.69  5200.92  2743.40  99999.0  10000.0  5200.92  2743.40  1.00000
  197304  8130.04  5200.01  2742.99  99999.0  10000.0  5200.01  2742.99  1.00000
  202116  8128.34  5199.09  2742.56  99999.0  10000.0  5199.09  2742.56  1.00000
  206929  8126.61  5198.13  2742.12  99999.0  10000.0  5198.13  2742.12  1.00000
  211741  8124.82  5197.15  2741.67  99999.0  10000.0  5197.15  2741.67  1.00000
  216553  8123.01  5196.16  2741.21  99999.0  10000.0  5196.16  2741.21  1.00000
  221365  8121.15  5195.14  2740.74  99999.0  10000.0  5195.14  2740.74  1.00000
  226178  8119.25  5194.10  2740.26  99999.0  10000.0  5194.10  2740.26  1.00000
  230990  8117.31  5193.02  2739.76  99999.0  10000.0  5193.02  2739.76  1.00000
  235802  8115.33  5191.94  2739.26  99999.0  10000.0  5191.94  2739.26  1.00000
  240615  8113.31  5190.82  2738.75  99999.0  10000.0  5190.82  2738.75  1.00000
  245427  8111.25  5189.69  2738.23  99999.0  10000.0  5189.69  2738.23  1.00000
  250239  8109.14  5188.52  2737.69  99999.0  10000.0  5188.52  2737.69  1.00000
  255051  8107.01  5187.35  2737.15  99999.0  10000.0  5187.35  2737.15  1.00000
  259864  8104.83  5186.14  2736.60  99999.0  10000.0  5186.14  2736.60  1.00000
  264676  8102.60  5184.91  2736.03  99999.0  10000.0  5184.91  2736.03  1.00000
  269488  8100.35  5183.66  2735.45  99999.0  10000.0  5183.66  2735.45  1.00000
  274301  8098.04  5182.39  2734.86  99999.0  10000.0  5182.39  2734.86  1.00000
  279113  8095.70  5181.09  2734.27  99999.0  10000.0  5181.09  2734.27  1.00000
  283925  8093.32  5179.77  2733.66  99999.0  10000.0  5179.77  2733.66  1.00000
  288737  8090.90  5178.42  2733.04  99999.0  10000.0  5178.42  2733.04  1.00000
  293550  8088.43  5177.06  2732.41  99999.0  10000.0  5177.06  2732.41  1.00000
  298362  8085.93  5175.66  2731.78  99999.0  10000.0  5175.66  2731.78  1.00000
  303174  8083.39  5174.25  2731.12  99999.0  10000.0  5174.25  2731.12  1.00000
  307987  8080.81  5172.81  2730.46  99999.0  10000.0  5172.81  2730.46  1.00000
  312799  8078.18  5171.35  2729.79  99999.0  10000.0  5171.35  2729.79  1.00000
  317611  8075.53  5169.86  2729.11  99999.0  10000.0  5169.86  2729.11  1.00000
  322423  8072.82  5168.35  2728.41  99999.0  10000.0  5168.35  2728.41  1.00000
  327236  8070.09  5166.82  2727.70  99999.0  10000.0  5166.82  2727.70  1.00000
  332048  8067.30  5165.26  2726.99  99999.0  10000.0  5165.26  2726.99  1.00000
  336860  8064.48  5163.68  2726.26  99999.0  10000.0  5163.68  2726.26  1.00000
  341673  8061.63  5162.08  2725.53  99999.0  10000.0  5162.08  2725.53  1.00000
  346485  8058.73  5160.46  2724.78  99999.0  10000.0  5160.46  2724.78  1.00000
  351297  8055.79  5158.80  2724.02  99999.0  10000.0  5158.80  2724.02  1.00000
  356110  8052.81  5157.13  2723.25  99999.0  10000.0  5157.13  2723.25  1.00000
  360922  8049.80  5155.44  2722.47  99999.0  10000.0  5155.44  2722.47  1.00000
  365734  8046.74  5153.72  2721.67  99999.0  10000.0  5153.72  2721.67  1.00000
  370546  8043.65  5151.96  2720.87  99999.0  10000.0  5151.96  2720.87  1.00000
  375359  8040.52  5150.19  2720.06  99999.0  10000.0  5150.19  2720.06  1.00000
  380171  8037.34  5148.40  2719.23  99999.0  10000.0  5148.40  2719.23  1.00000
  384983  8034.13  5146.58  2718.39  99999.0  10000.0  5146.58  2718.39  1.00000
  389796  8030.88  5144.73  2717.55  99999.0  10000.0  5144.73  2717.55  1.00000
  394608  8027.59  5142.87  2716.69  99999.0  10000.0  5142.87  2716.69  1.00000
  399420  8024.26  5140.98  2715.82  99999.0  10000.0  5140.98  2715.82  1.00000
  404232  8020.89  5139.06  2714.94  99999.0  10000.0  5139.06  2714.94  1.00000
  409045  8017.48  5137.12  2714.05  99999.0  10000.0  5137.12  2714.05  1.00000
  413857  8014.03  5135.16  2713.14  99999.0  10000.0  5135.16  2713.14  1.00000
  418669  8010.55  5133.17  2712.23  99999.0  10000.0  5133.17  2712.23  1.00000
  423482  8007.02  5131.15  2711.30  99999.0  10000.0  5131.15  2711.30  1.00000
  428294  8003.47  5129.11  2710.37  99999.0  10000.0  5129.11  2710.37  1.00000
  433106  7999.86  5127.05  2709.42  99999.0  10000.0  5127.05  2709.42  1.00000
  437918  7996.22  5124.96  2708.46  99999.0  10000.0  5124.96  2708.46  1.00000
  442731  7992.54  5122.85  2707.48  99999.0  10000.0  5122.85  2707.48  1.00000
  447543  7988.83  5120.71  2706.50  99999.0  10000.0  5120.71  2706.50  1.00000
  452355  7985.08  5118.54  2705.51  99999.0  10000.0  5118.54  2705.51  1.00000
  457168  7981.29  5116.36  2704.51  99999.0  10000.0  5116.36  2704.51  1.00000
  461980  7977.46  5114.15  2703.49  99999.0  10000.0  5114.15  2703.49  1.00000
  466792  3483.47  7694.95  4301.73  99999.0    166.8  7694.95  4301.73  1.00000
  471605  3483.82  7697.00  4302.86  99999.0    166.0  7697.00  4302.86  1.00000
  476417  3478.54  7671.84  4293.71  99999.0    165.2  7671.84  4293.71  1.00000
  481229  3478.95  7674.13  4294.93  99999.0    164.5  7674.13  4294.93  1.00000
  486041  3479.36  7676.42  4296.16  99999.0    163.8  7676.42  4296.16  1.00000
  490854  3479.77  7678.71  4297.39  99999.0    163.0  7678.71  4297.39  1.00000
  495666  3480.18  7681.01  4298.62  99999.0    162.3  7681.01  4298.62  1.00000
  500478  3480.59  7683.32  4299.84  99999.0    161.5  7683.32  4299.84  1.00000
  505291  3475.28  7658.03  4290.61  99999.0    160.8  7658.03  4290.61  1.00000
  510103  3475.71  7660.38  4291.86  99999.0    160.1  7660.38  4291.86  1.00000
  514915  3476.13  7662.75  4293.13  99999.0    159.3  7662.75  4293.13  1.00000
  519727  3476.56  7665.13  4294.39  99999.0    158.6  7665.13  4294.39  1.00000
  524540  3476.98  7667.52  4295.67  99999.0    157.9  7667.52  4295.67  1.00000
  529352  3477.42  7669.92  4296.94  99999.0    157.2  7669.92  4296.94  1.00000
  534164  3471.82  7643.29  4287.10  99999.0    156.5  7643.29  4287.10  1.00000
  538977  3472.32  7645.91  4288.49  99999.0    155.7  7645.91  4288.49  1.00000
  543789  3472.80  7648.53  4289.89  99999.0    154.9  7648.53  4289.89  1.00000
  548601  3473.29  7651.16  4291.30  99999.0    154.0  7651.16  4291.30  1.00000
  553413  3473.78  7653.79  4292.71  99999.0    153.2  7653.79  4292.71  1.00000
  558226  3468.15  7627.05  4282.84  99999.0    152.3  7627.05  4282.84  1.00000
  563038  3468.64  7629.69  4284.26  99999.0    151.5  7629.69  4284.26  1.00000
  567850  3469.14  7632.35  4285.67  99999.0    150.7  7632.35  4285.67  1.00000
  572663  3469.64  7635.01  4287.10  99999.0    149.8  7635.01  4287.10  1.00000
  577475  3470.14  7637.68  4288.52  99999.0    149.0  7637.68  4288.52  1.00000
  582287  3470.64  7640.34  4289.94  99999.0    148.2  7640.34  4289.94  1.00000
  587099  3463.43  7607.83  4279.58  99999.0    147.4  7607.83  4279.58  1.00000
  591912  3464.21  7611.52  4281.10  99999.0    146.6  7611.52  4281.10  1.00000
  596724  3465.02  7615.30  4282.62  99999.0    145.8  7615.30  4282.62  1.00000
  601536  3465.84  7619.16  4284.16  99999.0    145.0  7619.16  4284.16  1.00000
  606349  3466.68  7623.11  4285.70  99999.0    144.2  7623.11  4285.70  1.00000
  611161  3455.96  7577.81  4274.27  99999.0    143.3  7577.81  4274.27  1.00000
  615973  3457.45  7584.13  4276.01  99999.0    142.6  7584.13  4276.01  1.00000
  620786  3458.96  7590.49  4277.76  99999.0    141.8  7590.49  4277.76  1.00000
  625598  3460.46  7596.85  4279.52  99999.0    141.0  7596.85  4279.52  1.00000
  630410  3461.97  7603.22  4281.27  99999.0    140.2  7603.22  4281.27  1.00000
  635222  3463.48  7609.61  4283.03  99999.0    139.4  7609.61  4283.03  1.00000
  640035  3452.99  7564.97  4271.66  99999.0    138.6  7564.97  4271.66  1.00000
  644847  3454.04  7569.73  4273.31  99999.0    137.9  7569.73  4273.31  1.00000
  649659  3455.07  7574.41  4274.96  99999.0    137.1  7574.41  4274.96  1.00000
  654472  3456.08  7579.03  4276.60  99999.0    136.3  7579.03  4276.60  1.00000
  659284  3457.08  7583.58  4278.24  99999.0    135.6  7583.58  4278.24  1.00000
  664096  3448.93  7547.15  4267.43  99999.0    134.8  7547.15  4267.43  1.00000
  668908  3449.43  7549.92  4268.96  99999.0    134.0  7549.92  4268.96  1.00000
  673721  3449.93  7552.69  4270.49  99999.0    133.3  7552.69  4270.49  1.00000
  678533  3450.43  7555.48  4272.02  99999.0    132.5  7555.48  4272.02  1.00000
  683345  3450.94  7558.27  4273.55  99999.0    131.8  7558.27  4273.55  1.00000
  688158  3451.45  7561.06  4275.09  99999.0    131.0  7561.06  4275.09  1.00000
  692970  3445.72  7533.40  4264.86  99999.0    130.3  7533.40  4264.86  1.00000
  697782  3446.23  7536.22  4266.41  99999.0    129.5  7536.22  4266.41  1.00000
  702594  3446.74  7539.03  4267.95  99999.0    128.8  7539.03  4267.95  1.00000
  707407  3447.25  7541.85  4269.50  99999.0    128.1  7541.85  4269.50  1.00000
  712219  3447.77  7544.68  4271.06  99999.0    127.3  7544.68  4271.06  1.00000
  717031  3441.99  7516.82  4260.78  99999.0    126.6  7516.82  4260.78  1.00000
  721844  3442.48  7519.55  4262.30  99999.0    125.9  7519.55  4262.30  1.00000
  726656  3442.97  7522.28  4263.82  99999.0    125.1  7522.28  4263.82  1.00000
  731468  3443.46  7525.01  4265.34  99999.0    124.4  7525.01  4265.34  1.00000
  736281  3443.94  7527.75  4266.86  99999.0    123.7  7527.75  4266.86  1.00000
  741093  3438.29  7500.34  4256.75  99999.0    123.0  7500.34  4256.75  1.00000
  745905  3438.76  7503.06  4258.26  99999.0    122.2  7503.06  4258.26  1.00000
  750717  3439.24  7505.77  4259.78  99999.0    121.4  7505.77  4259.78  1.00000
  755530  3439.72  7508.50  4261.29  99999.0    120.6  7508.50  4261.29  1.00000
  760342  3440.20  7511.23  4262.82  99999.0    119.7  7511.23  4262.82  1.00000
  765154  3440.68  7513.97  4264.34  99999.0    118.9  7513.97  4264.34  1.00000
  769967  3434.88  7485.34  4253.87  99999.0    118.1  7485.34  4253.87  1.00000
  774779  3435.39  7488.35  4255.49  99999.0    117.3  7488.35  4255.49  1.00000
  779591  3435.92  7491.36  4257.11  99999.0    116.6  7491.36  4257.11  1.00000
  784403  3436.44  7494.40  4258.75  99999.0    115.7  7494.40  4258.75  1.00000
  789216  3436.97  7497.45  4260.39  99999.0    115.0  7497.45  4260.39  1.00000
  794028  3431.08  7468.15  4249.73  99999.0    114.2  7468.15  4249.73  1.00000
  798840  3431.62  7471.30  4251.40  99999.0    113.4  7471.30  4251.40  1.00000
  803653  3432.17  7474.46  4253.08  99999.0    112.6  7474.46  4253.08  1.00000
  808465  3432.72  7477.63  4254.76  99999.0    111.9  7477.63  4254.76  1.00000
  813277  3433.26  7480.80  4256.45  99999.0    111.1  7480.80  4256.45  1.00000
  818089  3427.33  7451.35  4245.76  99999.0    110.4  7451.35  4245.76  1.00000
  822902  3427.88  7454.54  4247.45  99999.0    109.6  7454.54  4247.45  1.00000
  827714  3428.44  7457.75  4249.15  99999.0    108.8  7457.75  4249.15  1.00000
  832526  3428.98  7460.96  4250.85  99999.0    108.1  7460.96  4250.85  1.00000
  837339  3429.54  7464.17  4252.56  99999.0    107.4  7464.17  4252.56  1.00000
  842151  3423.57  7434.52  4241.82  99999.0    106.6  7434.52  4241.82  1.00000
  846963  3424.13  7437.76  4243.54  99999.0    105.9  7437.76  4243.54  1.00000
  851776  3424.68  7441.01  4245.25  99999.0    105.1  7441.01  4245.25  1.00000
  856588  3425.25  7444.26  4246.97  99999.0    104.4  7444.26  4246.97  1.00000
  861400  3425.81  7447.51  4248.69  99999.0    103.7  7447.51  4248.69  1.00000
  866212  3419.78  7417.77  4237.91  99999.0    103.0  7417.77  4237.91  1.00000
  871025  3420.36  7421.09  4239.65  99999.0    102.3  7421.09  4239.65  1.00000
  875837  3427.51  7457.26  4253.86  99999.0    101.5  7457.26  4253.86  1.00000
  880649  3428.06  7460.48  4255.58  99999.0    100.8  7460.48  4255.58  1.00000
  885462  3428.63  7463.73  4257.32  99999.0    100.1  7463.73  4257.32  1.00000
  890274  3429.02  7466.14  4258.73  99999.0     99.4  7466.14  4258.73  1.00000
  895086  3423.22  7437.61  4248.36  99999.0     98.7  7437.61  4248.36  1.00000
  899898  3423.79  7440.81  4250.09  99999.0     98.0  7440.81  4250.09  1.00000
  904711  3424.37  7444.02  4251.84  99999.0     97.3  7444.02  4251.84  1.00000
  909523  3424.93  7447.25  4253.58  99999.0     96.6  7447.25  4253.58  1.00000
  914335  3425.51  7450.49  4255.34  99999.0     96.0  7450.49  4255.34  1.00000
  919148  3419.50  7420.92  4244.60  99999.0     95.3  7420.92  4244.60  1.00000
  923960  3420.08  7424.19  4246.36  99999.0     94.6  7424.19  4246.36  1.00000
  928772  3420.65  7427.49  4248.12  99999.0     93.9  7427.49  4248.12  1.00000
  933584  3421.23  7430.78  4249.88  99999.0     93.2  7430.78  4249.88  1.00000
  938397  3421.82  7434.09  4251.67  99999.0     92.5  7434.09  4251.67  1.00000
  943209  3414.13  7396.90  4238.11  99999.0     91.7  7396.90  4238.11  1.00000
  948021  3414.60  7399.74  4239.69  99999.0     90.9  7399.74  4239.69  1.00000
  952834  3415.07  7402.59  4241.28  99999.0     90.2  7402.59  4241.28  1.00000
  957646  3415.54  7405.46  4242.86  99999.0     89.4  7405.46  4242.86  1.00000
  962458  3416.02  7408.34  4244.47  99999.0     88.7  7408.34  4244.47  1.00000
  967270  3402.70  7345.68  4221.39  99999.0     87.9  7345.68  4221.39  1.00000
  972083  3403.30  7349.22  4223.21  99999.0     87.2  7349.22  4223.21  1.00000
  976895  3403.90  7352.77  4225.03  99999.0     86.4  7352.77  4225.03  1.00000
  981707  3404.49  7356.33  4226.86  99999.0     85.7  7356.33  4226.86  1.00000
  986520  3398.27  7324.90  4215.85  99999.0     85.0  7324.90  4215.85  1.00000
  991332  3398.88  7328.46  4217.69  99999.0     84.3  7328.46  4217.69  1.00000
  996144  3399.49  7332.02  4219.53  99999.0     83.6  7332.02  4219.53  1.00000
 1000957  3400.09  7335.58  4221.37  99999.0     82.9  7335.58  4221.37  1.00000
 1005769  3400.70  7339.15  4223.23  99999.0     82.2  7339.15  4223.23  1.00000
 1010581  3394.43  7307.61  4212.16  99999.0     81.5  7307.61  4212.16  1.00000
 1015393  3395.04  7311.16  4214.02  99999.0     80.8  7311.16  4214.02  1.00000
 1020206  3395.65  7314.71  4215.87  99999.0     80.1  7314.71  4215.87  1.00000
 1025018  3396.27  7318.26  4217.74  99999.0     79.4  7318.26  4217.74  1.00000
 1029830  3396.89  7321.84  4219.60  99999.0     78.7  7321.84  4219.60  1.00000
 1034643  3390.56  7289.97  4208.48  99999.0     78.1  7289.97  4208.48  1.00000
 1039455  3391.18  7293.60  4210.35  99999.0     77.4  7293.60  4210.35  1.00000
 1044267  3391.81  7297.22  4212.24  99999.0     76.7  7297.22  4212.24  1.00000
 1049079  3392.44  7300.87  4214.12  99999.0     76.1  7300.87  4214.12  1.00000
 1053892  3393.07  7304.52  4216.01  99999.0     75.4  7304.52  4216.01  1.00000
 1058704  3386.68  7272.27  4204.82  99999.0     74.8  7272.27  4204.82  1.00000
 1063516  3387.31  7275.98  4206.72  99999.0     74.1  7275.98  4206.72  1.00000
 1068329  3387.95  7279.70  4208.62  99999.0     73.5  7279.70  4208.62  1.00000
 1073141  3388.59  7283.43  4210.53  99999.0     72.9  7283.43  4210.53  1.00000
 1077953  3389.22  7287.17  4212.44  99999.0     72.2  7287.17  4212.44  1.00000
 1082765  3382.78  7254.75  4201.20  99999.0     71.5  7254.75  4201.20  1.00000
 1087578  3383.42  7258.48  4203.12  99999.0     70.9  7258.48  4203.12  1.00000
 1092390  3384.07  7262.21  4205.04  99999.0     70.2  7262.21  4205.04  1.00000
 1097202  3384.71  7265.95  4206.96  99999.0     69.5  7265.95  4206.96  1.00000
 1102015  3385.36  7269.69  4208.90  99999.0     68.9  7269.69  4208.90  1.00000
 1106827  3378.86  7237.01  4197.59  99999.0     68.2  7237.01  4197.59  1.00000
 1111639  3379.52  7240.76  4199.53  99999.0     67.6  7240.76  4199.53  1.00000
 1116452  3380.17  7244.52  4201.47  99999.0     66.9  7244.52  4201.47  1.00000
 1121264  3380.83  7248.29  4203.42  99999.0     66.3  7248.29  4203.42  1.00000
 1126076  3381.49  7252.08  4205.37  99999.0     65.7  7252.08  4205.37  1.00000
 1130888  3374.92  7218.95  4193.98  99999.0     65.0  7218.95  4193.98  1.00000
 1135701  3375.58  7222.80  4195.95  99999.0     64.4  7222.80  4195.95  1.00000
 1140513  3376.25  7226.65  4197.92  99999.0     63.8  7226.65  4197.92  1.00000
 1145325  3376.92  7230.52  4199.88  99999.0     63.2  7230.52  4199.88  1.00000
 1150138  3370.26  7196.56  4188.20  99999.0     62.6  7196.56  4188.20  1.00000
 1154950  3370.93  7200.48  4190.18  99999.0     62.0  7200.48  4190.18  1.00000
 1159762  3371.61  7204.42  4192.16  99999.0     61.4  7204.42  4192.16  1.00000
 1164574  3372.28  7208.37  4194.15  99999.0     60.8  7208.37  4194.15  1.00000
 1169387  3372.96  7212.32  4196.14  99999.0     60.2  7212.32  4196.14  1.00000
 1174199  3366.24  7178.18  4184.55  99999.0     59.6  7178.18  4184.55  1.00000
 1179011  3366.93  7182.22  4186.56  99999.0     59.0  7182.22  4186.56  1.00000
 1183824  3367.62  7186.27  4188.58  99999.0     58.5  7186.27  4188.58  1.00000
 1188636  3368.31  7190.32  4190.59  99999.0     57.9  7190.32  4190.59  1.00000
 1193448  3369.00  7194.40  4192.62  99999.0     57.3  7194.40  4192.62  1.00000
 1198260  3362.23  7160.24  4181.00  99999.0     56.8  7160.24  4181.00  1.00000
 1203073  3362.93  7164.23  4183.03  99999.0     56.2  7164.23  4183.03  1.00000
 1207885  3363.63  7168.23  4185.06  99999.0     55.7  7168.23  4185.06  1.00000
 1212697  3364.33  7172.24  4187.09  99999.0     55.1  7172.24  4187.09  1.00000
 1217510  3357.49  7137.55  4175.39  99999.0     54.6  7137.55  4175.39  1.00000
 1222322  3358.20  7141.61  4177.44  99999.0     54.0  7141.61  4177.44  1.00000
 1227134  3366.41  7184.47  4193.16  99999.0     53.4  7184.47  4193.16  1.00000
 1231946  3367.11  7188.60  4195.19  99999.0     52.9  7188.60  4195.19  1.00000
 1236759  3367.80  7192.75  4197.22  99999.0     52.3  7192.75  4197.22  1.00000
 1241571  3361.05  7158.06  4185.67  99999.0     51.7  7158.06  4185.67  1.00000
 1246383  3361.76  7162.23  4187.71  99999.0     51.2  7162.23  4187.71  1.00000
 1251196  3362.46  7166.41  4189.76  99999.0     50.6  7166.41  4189.76  1.00000
 1256008  3363.17  7170.61  4191.80  99999.0     50.1  7170.61  4191.80  1.00000
 1260820  3363.88  7174.81  4193.86  99999.0     49.6  7174.81  4193.86  1.00000
 1265633  3357.05  7139.80  4182.24  99999.0     49.0  7139.80  4182.24  1.00000
 1270445  3357.76  7144.03  4184.31  99999.0     48.5  7144.03  4184.31  1.00000
 1275257  3358.48  7148.29  4186.37  99999.0     48.0  7148.29  4186.37  1.00000
 1280069  3359.20  7152.55  4188.45  99999.0     47.5  7152.55  4188.45  1.00000
 1284882  3352.09  7117.05  4177.82  99999.0     47.0  7117.05  4177.82  1.00000
 1289694  3352.86  7121.37  4179.72  99999.0     46.5  7121.37  4179.72  1.00000
 1294506  3353.63  7125.71  4181.58  99999.0     46.0  7125.71  4181.58  1.00000
 1299319  3354.40  7130.05  4183.42  99999.0     45.5  7130.05  4183.42  1.00000
 1304131  3355.19  7134.40  4185.20  99999.0     45.0  7134.40  4185.20  1.00000
 1308943  3347.39  7098.47  4178.20  99999.0     44.5  7098.47  4178.20  1.00000
 1313755  3348.35  7102.88  4179.02  99999.0     44.0  7102.88  4179.02  1.00000
 1318568  3349.31  7107.29  4179.85  99999.0     43.6  7107.29  4179.85  1.00000
 1323380  3350.28  7111.73  4180.68  99999.0     43.1  7111.73  4180.68  1.00000
 1328192  3342.32  7075.19  4173.86  99999.0     42.6  7075.19  4173.86  1.00000
 1333005  3343.23  7079.67  4175.09  99999.0     42.1  7079.67  4175.09  1.00000
 1337817  3344.13  7084.18  4176.36  99999.0     41.7  7084.18  4176.36  1.00000
 1342629  3345.03  7088.70  4177.66  99999.0     41.2  7088.70  4177.66  1.00000
 1347441  3354.35  7139.07  4196.69  99999.0     50.0  7139.07  4196.69  1.00000
 1352254  3340.82  7122.45  4183.10  99999.0     65.7  7122.45  4183.10  1.00000
 1357066  3364.40  7207.34  4230.54  99999.0     88.6  7207.34  4230.54  1.00000
 1361878  3362.03  7234.16  4237.20  99999.0    122.9  7234.16  4237.20  1.00000
 1366691  3380.87  7307.56  4277.59  99999.0    176.4  7307.56  4277.59  1.00000
 1371503  3365.19  7291.26  4261.25  99999.0    263.0  7291.26  4261.25  1.00000
 1376315  3371.78  7330.61  4281.85  99999.0    410.4  7330.61  4281.85  1.00000
 1381128  3382.40  7389.72  4309.04  99999.0    675.7  7389.72  4309.04  1.00000
 1385940  3387.38  7420.96  4326.79  99999.0   1185.2  7420.96  4326.79  1.00000
 1390752  3394.66  7475.48  4345.16  99999.0   2245.7  7475.48  4345.16  1.00000
 1395564  3388.58  7469.96  4339.56  99999.0   4670.8  7469.96  4339.56  1.00000
 1400377  3398.01  7522.71  4364.34  99999.0  10910.3  7522.71  4364.34  1.00000
 1405189  3402.19  7549.10  4379.94  99999.0  29454.1  7549.10  4379.94  1.00000
 1410001  3412.10  7603.52  4405.03  99999.0  95835.1  7603.52  4405.03  1.00000
 1414814  3411.13  7604.47  4411.23  99999.0  99999.0  7604.47  4411.23  1.00000
 1419626  3419.39  7650.16  4432.53  99999.0  99999.0  7650.16  4432.53  1.00000
 1424438  3455.01  7737.36  4490.69  99999.0  99999.0  7737.36  4490.69  1.00000
 1429250  3440.70  7731.56  4478.26  99999.0  99999.0  7731.56  4478.26  1.00000
 1434063  3456.54  7769.47  4506.70  99999.0  99999.0  7769.47  4506.70  1.00000
 1438875  3440.91  7758.43  4491.33  99999.0  99999.0  7758.43  4491.33  1.00000
 1438875  1072.52  1718.89     0.00  99999.0  99999.0  1718.89     0.00  1.00000
 1439308  1072.30  1717.71     0.00  99999.0  99999.0  1717.71     0.00  1.00000
 1439742  1072.06  1716.52     0.00  99999.0  99999.0  1716.52     0.00  1.00000
 1440175  1071.84  1715.34     0.00  99999.0  99999.0  1715.34     0.00  1.00000
 1440609  1071.60  1714.16     0.00  99999.0  99999.0  1714.16     0.00  1.00000
 1441042  1071.38  1712.97     0.00  99999.0  99999.0  1712.97     0.00  1.00000
 1441476  1071.14  1711.80     0.00  99999.0  99999.0  1711.80     0.00  1.00000
 1441909  1070.91  1710.61     0.00  99999.0  99999.0  1710.61     0.00  1.00000
 1442342  1070.68  1709.43     0.00  99999.0  99999.0  1709.43     0.00  1.00000
 1442776  1070.45  1708.25     0.00  99999.0  99999.0  1708.25     0.00  1.00000
 1443209  1070.21  1707.06     0.00  99999.0  99999.0  1707.06     0.00  1.00000
 1443643  1069.99  1705.88     0.00  99999.0  99999.0  1705.88     0.00  1.00000
 1444076  1069.75  1704.70     0.00  99999.0  99999.0  1704.70     0.00  1.00000
 1444509  1069.51  1703.51     0.00  99999.0  99999.0  1703.51     0.00  1.00000
 1444943  1069.29  1702.34     0.00  99999.0  99999.0  1702.34     0.00  1.00000
 1445376  1069.05  1701.16     0.00  99999.0  99999.0  1701.16     0.00  1.00000
 1445810  1068.82  1699.97     0.00  99999.0  99999.0  1699.97     0.00  1.00000
 1446243  1068.58  1698.79     0.00  99999.0  99999.0  1698.79     0.00  1.00000
 1446677  1068.36  1697.61     0.00  99999.0  99999.0  1697.61     0.00  1.00000
 1447110  1068.12  1696.43     0.00  99999.0  99999.0  1696.43     0.00  1.00000
 1447543  1067.89  1695.24     0.00  99999.0  99999.0  1695.24     0.00  1.00000
 1447977  1067.65  1694.06     0.00  99999.0  99999.0  1694.06     0.00  1.00000
 1448410  1067.42  1692.88     0.00  99999.0  99999.0  1692.88     0.00  1.00000
 1448844  1067.19  1691.71     0.00  99999.0  99999.0  1691.71     0.00  1.00000
 1449277  1066.96  1690.52     0.00  99999.0  99999.0  1690.52     0.00  1.00000
 1449710  1066.72  1689.34     0.00  99999.0  99999.0  1689.34     0.00  1.00000
 1450144  1066.49  1688.16     0.00  99999.0  99999.0  1688.16     0.00  1.00000
 1450577  1066.25  1686.98     0.00  99999.0  99999.0  1686.98     0.00  1.00000
 1451011  1066.01  1685.80     0.00  99999.0  99999.0  1685.80     0.00  1.00000
 1451444  1065.78  1684.62     0.00  99999.0  99999.0  1684.62     0.00  1.00000
 1451878  1065.54  1683.44     0.00  99999.0  99999.0  1683.44     0.00  1.00000
 1452311  1065.31  1682.26     0.00  99999.0  99999.0  1682.26     0.00  1.00000
 1452744  1065.07  1681.09     0.00  99999.0  99999.0  1681.09     0.00  1.00000
 1453178  1064.84  1679.91     0.00  99999.0  99999.0  1679.91     0.00  1.00000
 1453611  1064.60  1678.73     0.00  99999.0  99999.0  1678.73     0.00  1.00000
 1454045  1064.37  1677.55     0.00  99999.0  99999.0  1677.55     0.00  1.00000
 1454478  1064.12  1676.37     0.00  99999.0  99999.0  1676.37     0.00  1.00000
 1454911  1063.89  1675.19     0.00  99999.0  99999.0  1675.19     0.00  1.00000
 1455345  1063.66  1674.02     0.00  99999.0  99999.0  1674.02     0.00  1.00000
 1455778  1063.41  1672.84     0.00  99999.0  99999.0  1672.84     0.00  1.00000
 1456212  1063.18  1671.66     0.00  99999.0  99999.0  1671.66     0.00  1.00000
 1456645  1062.94  1670.49     0.00  99999.0  99999.0  1670.49     0.00  1.00000
 1457079  1062.71  1669.31     0.00  99999.0  99999.0  1669.31     0.00  1.00000
 1457512  1062.46  1668.14     0.00  99999.0  99999.0  1668.14     0.00  1.00000
 1457945  1062.23  1666.96     0.00  99999.0  99999.0  1666.96     0.00  1.00000
 1458379  1061.99  1665.78     0.00  99999.0  99999.0  1665.78     0.00  1.00000
 1458812  1061.76  1664.61     0.00  99999.0  99999.0  1664.61     0.00  1.00000
 1459246  1061.51  1663.43     0.00  99999.0  99999.0  1663.43     0.00  1.00000
 1459679  1061.28  1662.26     0.00  99999.0  99999.0  1662.26     0.00  1.00000
 1460112  1061.04  1661.09     0.00  99999.0  99999.0  1661.09     0.00  1.00000
 1460546  1060.80  1659.92     0.00  99999.0  99999.0  1659.92     0.00  1.00000
 1460979  1060.56  1658.75     0.00  99999.0  99999.0  1658.75     0.00  1.00000
 1461413  1060.32  1657.57     0.00  99999.0  99999.0  1657.57     0.00  1.00000
 1461846  1060.08  1656.40     0.00  99999.0  99999.0  1656.40     0.00  1.00000
 1462280  1059.84  1655.23     0.00  99999.0  99999.0  1655.23     0.00  1.00000
 1462713  1059.60  1654.06     0.00  99999.0  99999.0  1654.06     0.00  1.00000
 1463146  1059.36  1652.89     0.00  99999.0  99999.0  1652.89     0.00  1.00000
 1463580  1059.12  1651.72     0.00  99999.0  99999.0  1651.72     0.00  1.00000
 1464013  1058.88  1650.54     0.00  99999.0  99999.0  1650.54     0.00  1.00000
 1464447  1058.64  1649.37     0.00  99999.0  99999.0  1649.37     0.00  1.00000
 1464880  1058.40  1648.21     0.00  99999.0  99999.0  1648.21     0.00  1.00000
 1465313  1058.15  1647.04     0.00  99999.0  99999.0  1647.04     0.00  1.00000
 1465747  1057.91  1645.87     0.00  99999.0  99999.0  1645.87     0.00  1.00000
 1466180  1057.68  1644.71     0.00  99999.0  99999.0  1644.71     0.00  1.00000
 1466614  1057.44  1643.53     0.00  99999.0  99999.0  1643.53     0.00  1.00000
 1467047  1057.19  1642.37     0.00  99999.0  99999.0  1642.37     0.00  1.00000
 1467481  1056.95  1641.20     0.00  99999.0  99999.0  1641.20     0.00  1.00000
 1467914  1056.71  1640.04     0.00  99999.0  99999.0  1640.04     0.00  1.00000
 1468347  1056.47  1638.88     0.00  99999.0  99999.0  1638.88     0.00  1.00000
 1468781  1056.22  1637.71     0.00  99999.0  99999.0  1637.71     0.00  1.00000
 1469214  1055.98  1636.55     0.00  99999.0  99999.0  1636.55     0.00  1.00000
 1469648  1055.74  1635.38     0.00  99999.0  99999.0  1635.38     0.00  1.00000
 1470081  1055.49  1634.22     0.00  99999.0  99999.0  1634.22     0.00  1.00000
 1470514  1055.25  1633.06     0.00  99999.0  99999.0  1633.06     0.00  1.00000
 1470948  1055.01  1631.90     0.00  99999.0  99999.0  1631.90     0.00  1.00000
 1471381  1054.77  1630.74     0.00  99999.0  99999.0  1630.74     0.00  1.00000
 1471815  1054.52  1629.58     0.00  99999.0  99999.0  1629.58     0.00  1.00000
 1472248  1054.27  1628.42     0.00  99999.0  99999.0  1628.42     0.00  1.00000
 1472682  1054.03  1627.25     0.00  99999.0  99999.0  1627.25     0.00  1.00000
 1473115  1053.79  1626.09     0.00  99999.0  99999.0  1626.09     0.00  1.00000
 1473548  1053.54  1624.94     0.00  99999.0  99999.0  1624.94     0.00  1.00000
 1473982  1053.30  1623.78     0.00  99999.0  99999.0  1623.78     0.00  1.00000
 1474415  1053.05  1622.62     0.00  99999.0  99999.0  1622.62     0.00  1.00000
 1474849  1052.80  1621.47     0.00  99999.0  99999.0  1621.47     0.00  1.00000
 1475282  1052.56  1620.31     0.00  99999.0  99999.0  1620.31     0.00  1.00000
 1475715  1052.32  1619.15     0.00  99999.0  99999.0  1619.15     0.00  1.00000
 1476149  1052.07  1618.00     0.00  99999.0  99999.0  1618.00     0.00  1.00000
 1476582  1051.82  1616.85     0.00  99999.0  99999.0  1616.85     0.00  1.00000
 1477016  1051.58  1615.70     0.00  99999.0  99999.0  1615.70     0.00  1.00000
 1477449  1051.33  1614.54     0.00  99999.0  99999.0  1614.54     0.00  1.00000
 1477883  1051.09  1613.39     0.00  99999.0  99999.0  1613.39     0.00  1.00000
 1478316  1050.84  1612.24     0.00  99999.0  99999.0  1612.24     0.00  1.00000
 1478749  1050.59  1611.09     0.00  99999.0  99999.0  1611.09     0.00  1.00000
 1479183  1050.35  1609.94     0.00  99999.0  99999.0  1609.94     0.00  1.00000
 1479616  1050.09  1608.79     0.00  99999.0  99999.0  1608.79     0.00  1.00000
 1480050  1049.85  1607.65     0.00  99999.0  99999.0  1607.65     0.00  1.00000
 1480483  1049.60  1606.49     0.00  99999.0  99999.0  1606.49     0.00  1.00000
 1480916  1049.36  1605.35     0.00  99999.0  99999.0  1605.35     0.00  1.00000
 1481350  1049.10  1604.21     0.00  99999.0  99999.0  1604.21     0.00  1.00000
 1481783  1048.86  1603.06     0.00  99999.0  99999.0  1603.06     0.00  1.00000
 1482217  1048.61  1601.92     0.00  99999.0  99999.0  1601.92     0.00  1.00000
 1482650  1048.36  1600.77     0.00  99999.0  99999.0  1600.77     0.00  1.00000
 1483084  1048.11  1599.63     0.00  99999.0  99999.0  1599.63     0.00  1.00000
 1483517  1047.86  1598.49     0.00  99999.0  99999.0  1598.49     0.00  1.00000
 1483950  1047.62  1597.35     0.00  99999.0  99999.0  1597.35     0.00  1.00000
 1484384  1047.37  1596.21     0.00  99999.0  99999.0  1596.21     0.00  1.00000
 1484817  1047.11  1595.07     0.00  99999.0  99999.0  1595.07     0.00  1.00000
 1485251  1046.87  1593.93     0.00  99999.0  99999.0  1593.93     0.00  1.00000
 1485684  1046.62  1592.79     0.00  99999.0  99999.0  1592.79     0.00  1.00000
 1486117  1046.36  1591.66     0.00  99999.0  99999.0  1591.66     0.00  1.00000
 1486551  1046.11  1590.52     0.00  99999.0  99999.0  1590.52     0.00  1.00000
 1486984  1045.86  1589.39     0.00  99999.0  99999.0  1589.39     0.00  1.00000
 1487418  1045.62  1588.25     0.00  99999.0  99999.0  1588.25     0.00  1.00000
 1487851  1045.36  1587.12     0.00  99999.0  99999.0  1587.12     0.00  1.00000
 1488285  1045.11  1585.99     0.00  99999.0  99999.0  1585.99     0.00  1.00000
 1488718  1044.86  1584.85     0.00  99999.0  99999.0  1584.85     0.00  1.00000
 1489151  1044.61  1583.73     0.00  99999.0  99999.0  1583.73     0.00  1.00000
 1489585  1044.36  1582.60     0.00  99999.0  99999.0  1582.60     0.00  1.00000
 1490018  1044.11  1581.46     0.00  99999.0  99999.0  1581.46     0.00  1.00000
 1490452  1043.85  1580.34     0.00  99999.0  99999.0  1580.34     0.00  1.00000
 1490885  1043.60  1579.21     0.00  99999.0  99999.0  1579.21     0.00  1.00000
 1491318  1043.35  1578.08     0.00  99999.0  99999.0  1578.08     0.00  1.00000
 1491752  1043.10  1576.97     0.00  99999.0  99999.0  1576.97     0.00  1.00000
 1492185  1042.84  1575.84     0.00  99999.0  99999.0  1575.84     0.00  1.00000
 1492619  1042.59  1574.72     0.00  99999.0  99999.0  1574.72     0.00  1.00000
 1493052  1042.34  1573.59     0.00  99999.0  99999.0  1573.59     0.00  1.00000
 1493486  1042.08  1572.47     0.00  99999.0  99999.0  1572.47     0.00  1.00000
 1493919  1041.83  1571.35     0.00  99999.0  99999.0  1571.35     0.00  1.00000
 1494352  1041.57  1570.23     0.00  99999.0  99999.0  1570.23     0.00  1.00000
 1494786  1041.32  1569.12     0.00  99999.0  99999.0  1569.12     0.00  1.00000
 1495219  1041.07  1568.00     0.00  99999.0  99999.0  1568.00     0.00  1.00000
 1495653  1040.81  1566.88     0.00  99999.0  99999.0  1566.88     0.00  1.00000
 1496086  1040.56  1565.77     0.00  99999.0  99999.0  1565.77     0.00  1.00000
 1496519  1040.30  1564.65     0.00  99999.0  99999.0  1564.65     0.00  1.00000
 1496953  1040.05  1563.54     0.00  99999.0  99999.0  1563.54     0.00  1.00000
 1497386  1039.79  1562.43     0.00  99999.0  99999.0  1562.43     0.00  1.00000
 1497820  1039.54  1561.32     0.00  99999.0  99999.0  1561.32     0.00  1.00000
 1498253  1039.28  1560.21     0.00  99999.0  99999.0  1560.21     0.00  1.00000
 1498687  1039.03  1559.10     0.00  99999.0  99999.0  1559.10     0.00  1.00000
 1499120  1038.77  1557.99     0.00  99999.0  99999.0  1557.99     0.00  1.00000
 1499553  1038.51  1556.88     0.00  99999.0  99999.0  1556.88     0.00  1.00000
 1499987  1038.26  1555.78     0.00  99999.0  99999.0  1555.78     0.00  1.00000
 1500420  1038.00  1554.68     0.00  99999.0  99999.0  1554.68     0.00  1.00000
 1500854  1037.74  1553.57     0.00  99999.0  99999.0  1553.57     0.00  1.00000
 1501287  1037.49  1552.48     0.00  99999.0  99999.0  1552.48     0.00  1.00000
 1501720  1037.23  1551.37     0.00  99999.0  99999.0  1551.37     0.00  1.00000
 1502154  1036.97  1550.27     0.00  99999.0  99999.0  1550.27     0.00  1.00000
 1502587  1036.71  1549.18     0.00  99999.0  99999.0  1549.18     0.00  1.00000
 1503021  1036.46  1548.08     0.00  99999.0  99999.0  1548.08     0.00  1.00000
 1503454  1036.20  1546.99     0.00  99999.0  99999.0  1546.99     0.00  1.00000
 1503888  1035.94  1545.88     0.00  99999.0  99999.0  1545.88     0.00  1.00000
 1504321  1035.68  1544.79     0.00  99999.0  99999.0  1544.79     0.00  1.00000
 1504754  1035.42  1543.70     0.00  99999.0  99999.0  1543.70     0.00  1.00000
 1505188  1035.17  1542.61     0.00  99999.0  99999.0  1542.61     0.00  1.00000
 1505621  1034.91  1541.52     0.00  99999.0  99999.0  1541.52     0.00  1.00000
 1506055  1034.65  1540.43     0.00  99999.0  99999.0  1540.43     0.00  1.00000
 1506488  1034.39  1539.34     0.00  99999.0  99999.0  1539.34     0.00  1.00000
 1506921  1034.13  1538.26     0.00  99999.0  99999.0  1538.26     0.00  1.00000
 1507355  1033.87  1537.17     0.00  99999.0  99999.0  1537.17     0.00  1.00000
 1507788  1033.61  1536.08     0.00  99999.0  99999.0  1536.08     0.00  1.00000
 1508222  1033.35  1535.00     0.00  99999.0  99999.0  1535.00     0.00  1.00000
 1508655  1033.09  1533.93     0.00  99999.0  99999.0  1533.93     0.00  1.00000
 1509089  1032.83  1532.84     0.00  99999.0  99999.0  1532.84     0.00  1.00000
 1509522  1032.57  1531.77     0.00  99999.0  99999.0  1531.77     0.00  1.00000
 1509955  1032.30  1530.68     0.00  99999.0  99999.0  1530.68     0.00  1.00000
 1510389  1032.04  1529.61     0.00  99999.0  99999.0  1529.61     0.00  1.00000
 1510822  1031.78  1528.53     0.00  99999.0  99999.0  1528.53     0.00  1.00000
 1511256  1031.52  1527.46     0.00  99999.0  99999.0  1527.46     0.00  1.00000
 1511689  1031.26  1526.39     0.00  99999.0  99999.0  1526.39     0.00  1.00000
 1512122  1031.00  1525.32     0.00  99999.0  99999.0  1525.32     0.00  1.00000
 1512556  1030.73  1524.24     0.00  99999.0  99999.0  1524.24     0.00  1.00000
 1512989  1030.47  1523.18     0.00  99999.0  99999.0  1523.18     0.00  1.00000
 1513423  1030.21  1522.11     0.00  99999.0  99999.0  1522.11     0.00  1.00000
 1513856  1029.95  1521.04     0.00  99999.0  99999.0  1521.04     0.00  1.00000
 1514290  1029.68  1519.97     0.00  99999.0  99999.0  1519.97     0.00  1.00000
 1514723  1029.42  1518.92     0.00  99999.0  99999.0  1518.92     0.00  1.00000
 1515156  1029.16  1517.85     0.00  99999.0  99999.0  1517.85     0.00  1.00000
 1515590  1028.89  1516.79     0.00  99999.0  99999.0  1516.79     0.00  1.00000
 1516023  1028.63  1515.73     0.00  99999.0  99999.0  1515.73     0.00  1.00000
 1516457  1028.37  1514.68     0.00  99999.0  99999.0  1514.68     0.00  1.00000
 1516890  1028.10  1513.62     0.00  99999.0  99999.0  1513.62     0.00  1.00000
 1517323  1027.84  1512.56     0.00  99999.0  99999.0  1512.56     0.00  1.00000
 1517757  1027.57  1511.50     0.00  99999.0  99999.0  1511.50     0.00  1.00000
 1518190  1027.31  1510.46     0.00  99999.0  99999.0  1510.46     0.00  1.00000
 1518624  1027.04  1509.40     0.00  99999.0  99999.0  1509.40     0.00  1.00000
 1519057  1026.78  1508.35     0.00  99999.0  99999.0  1508.35     0.00  1.00000
 1519491  1026.51  1507.30     0.00  99999.0  99999.0  1507.30     0.00  1.00000
 1519924  1026.25  1506.26     0.00  99999.0  99999.0  1506.26     0.00  1.00000
 1520357  1025.97  1505.21     0.00  99999.0  99999.0  1505.21     0.00  1.00000
 1520791  1025.71  1504.16     0.00  99999.0  99999.0  1504.16     0.00  1.00000
 1521224  1025.45  1503.12     0.00  99999.0  99999.0  1503.12     0.00  1.00000
 1521658  1025.17  1502.08     0.00  99999.0  99999.0  1502.08     0.00  1.00000
 1522091  1024.91  1501.04     0.00  99999.0  99999.0  1501.04     0.00  1.00000
 1522524  1024.65  1500.00     0.00  99999.0  99999.0  1500.00     0.00  1.00000
 1522958  1024.38  1498.96     0.00  99999.0  99999.0  1498.96     0.00  1.00000
 1523391  1024.11  1497.93     0.00  99999.0  99999.0  1497.93     0.00  1.00000
 1523825  1023.84  1496.89     0.00  99999.0  99999.0  1496.89     0.00  1.00000
 1524258  1023.58  1495.86     0.00  99999.0  99999.0  1495.86     0.00  1.00000
 1524692  1023.31  1494.83     0.00  99999.0  99999.0  1494.83     0.00  1.00000
 1525125  1023.05  1493.79     0.00  99999.0  99999.0  1493.79     0.00  1.00000
 1525125   923.68  3885.94  1974.92  99999.0      5.7  3885.94  1974.92  1.00000
 1525258   923.66  3885.82  1974.86  99999.0      5.7  3885.82  1974.86  1.00000
 1525392   923.65  3885.70  1974.79  99999.0      5.7  3885.70  1974.79  1.00000
 1525525   923.63  3885.58  1974.73  99999.0      5.7  3885.58  1974.73  1.00000
 1525658   923.61  3885.45  1974.66  99999.0      5.7  3885.45  1974.66  1.00000
 1525792   923.60  3885.32  1974.60  99999.0      5.7  3885.32  1974.60  1.00000
 1525925   923.58  3885.20  1974.54  99999.0      5.7  3885.20  1974.54  1.00000
 1526059   923.56  3885.07  1974.47  99999.0      5.7  3885.07  1974.47  1.00000
 1526192   923.55  3884.95  1974.41  99999.0      5.7  3884.95  1974.41  1.00000
 1526325   923.53  3884.82  1974.34  99999.0      5.7  3884.82  1974.34  1.00000
 1526459   923.51  3884.69  1974.28  99999.0      5.7  3884.69  1974.28  1.00000
 1526592   923.49  3884.57  1974.22  99999.0      5.7  3884.57  1974.22  1.00000
 1526725   923.48  3884.44  1974.15  99999.0      5.7  3884.44  1974.15  1.00000
 1526859   923.46  3884.32  1974.09  99999.0      5.7  3884.32  1974.09  1.00000
 1526992   923.44  3884.19  1974.02  99999.0      5.7  3884.19  1974.02  1.00000
 1527125   923.43  3884.06  1973.96  99999.0      5.7  3884.06  1973.96  1.00000
 1527259   923.41  3883.94  1973.90  99999.0      5.7  3883.94  1973.90  1.00000
 1527392   923.39  3883.81  1973.84  99999.0      5.7  3883.81  1973.84  1.00000
 1527526   923.38  3883.69  1973.78  99999.0      5.7  3883.69  1973.78  1.00000
 1527659   923.36  3883.56  1973.71  99999.0      5.7  3883.56  1973.71  1.00000
 1527792   923.34  3883.44  1973.65  99999.0      5.7  3883.44  1973.65  1.00000
 1527926   923.33  3883.31  1973.59  99999.0      5.7  3883.31  1973.59  1.00000
 1528059   923.31  3883.19  1973.52  99999.0      5.7  3883.19  1973.52  1.00000
 1528192   923.29  3883.06  1973.46  99999.0      5.7  3883.06  1973.46  1.00000
 1528326   923.28  3882.94  1973.39  99999.0      5.7  3882.94  1973.39  1.00000
 1528459   923.26  3882.81  1973.33  99999.0      5.7  3882.81  1973.33  1.00000
 1528592   923.24  3882.68  1973.27  99999.0      5.7  3882.68  1973.27  1.00000
 1528726   923.23  3882.56  1973.20  99999.0      5.7  3882.56  1973.20  1.00000
 1528859   923.21  3882.44  1973.14  99999.0      5.7  3882.44  1973.14  1.00000
 1528992   923.19  3882.31  1973.07  99999.0      5.7  3882.31  1973.07  1.00000
 1529126   923.18  3882.18  1973.01  99999.0      5.7  3882.18  1973.01  1.00000
 1529259   923.16  3882.06  1972.95  99999.0      5.7  3882.06  1972.95  1.00000
 1529393   923.14  3881.93  1972.88  99999.0      5.7  3881.93  1972.88  1.00000
 1529526   923.13  3881.81  1972.82  99999.0      5.7  3881.81  1972.82  1.00000
 1529659   923.11  3881.68  1972.75  99999.0      5.7  3881.68  1972.75  1.00000
 1529793   923.09  3881.55  1972.69  99999.0      5.7  3881.55  1972.69  1.00000
 1529926   923.08  3881.43  1972.63  99999.0      5.7  3881.43  1972.63  1.00000
 1530059   923.06  3881.30  1972.56  99999.0      5.7  3881.30  1972.56  1.00000
 1530193   923.04  3881.17  1972.50  99999.0      5.7  3881.17  1972.50  1.00000
 1530326   923.03  3881.05  1972.43  99999.0      5.7  3881.05  1972.43  1.00000
 1530459   923.01  3880.93  1972.37  99999.0      5.7  3880.93  1972.37  1.00000
 1530593   922.99  3880.80  1972.31  99999.0      5.7  3880.80  1972.31  1.00000
 1530726   922.98  3880.67  1972.24  99999.0      5.7  3880.67  1972.24  1.00000
 1530860   922.96  3880.55  1972.18  99999.0      5.7  3880.55  1972.18  1.00000
 1530993   922.94  3880.43  1972.11  99999.0      5.7  3880.43  1972.11  1.00000
 1531126   922.93  3880.30  1972.05  99999.0      5.7  3880.30  1972.05  1.00000
 1531260   922.91  3880.17  1971.99  99999.0      5.7  3880.17  1971.99  1.00000
 1531393   922.89  3880.05  1971.92  99999.0      5.7  3880.05  1971.92  1.00000
 1531526   922.88  3879.93  1971.86  99999.0      5.7  3879.93  1971.86  1.00000
 1531660   922.86  3879.80  1971.79  99999.0      5.7  3879.80  1971.79  1.00000
 1531793   922.84  3879.67  1971.73  99999.0      5.7  3879.67  1971.73  1.00000
 1531926   922.83  3879.55  1971.67  99999.0      5.7  3879.55  1971.67  1.00000
 1532060   922.81  3879.42  1971.60  99999.0      5.7  3879.42  1971.60  1.00000
 1532193   922.79  3879.29  1971.54  99999.0      5.7  3879.29  1971.54  1.00000
 1532327   922.78  3879.17  1971.47  99999.0      5.7  3879.17  1971.47  1.00000
 1532460   922.76  3879.05  1971.41  99999.0      5.7  3879.05  1971.41  1.00000
 1532593   922.74  3878.92  1971.34  99999.0      5.7  3878.92  1971.34  1.00000
 1532727   922.73  3878.79  1971.28  99999.0      5.7  3878.79  1971.28  1.00000
 1532860   922.71  3878.67  1971.22  99999.0      5.7  3878.67  1971.22  1.00000
 1532993   922.69  3878.55  1971.16  99999.0      5.7  3878.55  1971.16  1.00000
 1533127   922.68  3878.42  1971.10  99999.0      5.7  3878.42  1971.10  1.00000
 1533260   922.66  3878.29  1971.04  99999.0      5.7  3878.29  1971.04  1.00000
 1533393   922.64  3878.17  1970.97  99999.0      5.7  3878.17  1970.97  1.00000
 1533527   922.63  3878.04  1970.91  99999.0      5.7  3878.04  1970.91  1.00000
 1533660   922.61  3877.92  1970.84  99999.0      5.7  3877.92  1970.84  1.00000
 1533793   922.59  3877.79  1970.78  99999.0      5.7  3877.79  1970.78  1.00000
 1533927   922.58  3877.67  1970.72  99999.0      5.7  3877.67  1970.72  1.00000
 1534060   922.56  3877.54  1970.65  99999.0      5.7  3877.54  1970.65  1.00000
 1534194   922.54  3877.41  1970.59  99999.0      5.7  3877.41  1970.59  1.00000
 1534327   922.53  3877.29  1970.52  99999.0      5.7  3877.29  1970.52  1.00000
 1534460   922.51  3877.17  1970.46  99999.0      5.7  3877.17  1970.46  1.00000
 1534594   922.49  3877.04  1970.40  99999.0      5.7  3877.04  1970.40  1.00000
 1534727   922.47  3876.91  1970.33  99999.0      5.7  3876.91  1970.33  1.00000
 1534860   922.46  3876.79  1970.27  99999.0      5.7  3876.79  1970.27  1.00000
 1534994   922.44  3876.67  1970.20  99999.0      5.7  3876.67  1970.20  1.00000
 1535127   922.42  3876.54  1970.14  99999.0      5.7  3876.54  1970.14  1.00000
 1535260   922.41  3876.41  1970.07  99999.0      5.7  3876.41  1970.07  1.00000
 1535394   922.39  3876.29  1970.01  99999.0      5.7  3876.29  1970.01  1.00000
 1535527   922.37  3876.16  1969.95  99999.0      5.7  3876.16  1969.95  1.00000
 1535661   922.36  3876.04  1969.88  99999.0      5.7  3876.04  1969.88  1.00000
 1535794   922.34  3875.91  1969.82  99999.0      5.7  3875.91  1969.82  1.00000
 1535927   922.33  3875.79  1969.75  99999.0      5.7  3875.79  1969.75  1.00000
 1536061   922.31  3875.66  1969.69  99999.0      5.7  3875.66  1969.69  1.00000
 1536194   922.29  3875.53  1969.63  99999.0      5.7  3875.53  1969.63  1.00000
 1536327   922.27  3875.41  1969.56  99999.0      5.7  3875.41  1969.56  1.00000
 1536461   922.26  3875.29  1969.50  99999.0      5.7  3875.29  1969.50  1.00000
 1536594   922.24  3875.16  1969.44  99999.0      5.7  3875.16  1969.44  1.00000
 1536727   922.22  3875.04  1969.38  99999.0      5.7  3875.04  1969.38  1.00000
 1536861   922.21  3874.91  1969.32  99999.0      5.7  3874.91  1969.32  1.00000
 1536994   922.19  3874.79  1969.25  99999.0      5.7  3874.79  1969.25  1.00000
 1537128   922.17  3874.66  1969.19  99999.0      5.7  3874.66  1969.19  1.00000
 1537261   922.16  3874.54  1969.12  99999.0      5.7  3874.54  1969.12  1.00000
 1537394   922.14  3874.41  1969.06  99999.0      5.7  3874.41  1969.06  1.00000
 1537528   922.12  3874.28  1969.00  99999.0      5.7  3874.28  1969.00  1.00000
 1537661   922.11  3874.16  1968.93  99999.0      5.7  3874.16  1968.93  1.00000
 1537794   922.09  3874.04  1968.87  99999.0      5.7  3874.04  1968.87  1.00000
 1537928   922.07  3873.91  1968.80  99999.0      5.7  3873.91  1968.80  1.00000
 1538061   922.06  3873.78  1968.74  99999.0      5.7  3873.78  1968.74  1.00000
 1538194   922.04  3873.66  1968.68  99999.0      5.7  3873.66  1968.68  1.00000
 1538328   922.02  3873.54  1968.61  99999.0      5.7  3873.54  1968.61  1.00000
 1538461   922.01  3873.41  1968.55  99999.0      5.7  3873.41  1968.55  1.00000
 1538594   921.99  3873.28  1968.48  99999.0      5.7  3873.28  1968.48  1.00000
 1538728   921.97  3873.16  1968.42  99999.0      5.7  3873.16  1968.42  1.00000
 1538861   921.96  3873.03  1968.36  99999.0      5.7  3873.03  1968.36  1.00000
 1538995   921.94  3872.91  1968.29  99999.0      5.7  3872.91  1968.29  1.00000
 1539128   921.92  3872.78  1968.23  99999.0      5.7  3872.78  1968.23  1.00000
 1539261   921.91  3872.66  1968.16  99999.0      5.7  3872.66  1968.16  1.00000
 1539395   921.89  3872.54  1968.10  99999.0      5.7  3872.54  1968.10  1.00000
 1539528   921.87  3872.41  1968.04  99999.0      5.7  3872.41  1968.04  1.00000
 1539661   921.86  3872.28  1967.97  99999.0      5.7  3872.28  1967.97  1.00000
 1539795   921.84  3872.16  1967.91  99999.0      5.7  3872.16  1967.91  1.00000
 1539928   921.82  3872.04  1967.85  99999.0      5.7  3872.04  1967.85  1.00000
 1540061   921.81  3871.91  1967.79  99999.0      5.7  3871.91  1967.79  1.00000
 1540195   921.79  3871.78  1967.73  99999.0      5.7  3871.78  1967.73  1.00000
 1540328   921.77  3871.66  1967.66  99999.0      5.7  3871.66  1967.66  1.00000
 1540462   921.76  3871.54  1967.60  99999.0      5.7  3871.54  1967.60  1.00000
 1540595   921.74  3871.41  1967.53  99999.0      5.7  3871.41  1967.53  1.00000
 1540728   921.72  3871.28  1967.47  99999.0      5.7  3871.28  1967.47  1.00000
 1540862   921.71  3871.16  1967.41  99999.0      5.7  3871.16  1967.41  1.00000
 1540995   921.69  3871.03  1967.34  99999.0      5.7  3871.03  1967.34  1.00000
 1541128   921.67  3870.91  1967.28  99999.0      5.7  3870.91  1967.28  1.00000
 1541262   921.66  3870.79  1967.21  99999.0      5.7  3870.79  1967.21  1.00000
 1541395   921.64  3870.66  1967.15  99999.0      5.7  3870.66  1967.15  1.00000
 1541528   921.62  3870.53  1967.09  99999.0      5.7  3870.53  1967.09  1.00000
 1541662   921.61  3870.41  1967.02  99999.0      5.7  3870.41  1967.02  1.00000
 1541795   921.59  3870.29  1966.96  99999.0      5.7  3870.29  1966.96  1.00000
 1541929   921.57  3870.16  1966.89  99999.0      5.7  3870.16  1966.89  1.00000
 1542062   921.56  3870.03  1966.83  99999.0      5.7  3870.03  1966.83  1.00000
 1542195   921.54  3869.91  1966.77  99999.0      5.7  3869.91  1966.77  1.00000
 1542329   921.52  3869.78  1966.70  99999.0      5.7  3869.78  1966.70  1.00000
 1542462   921.51  3869.66  1966.64  99999.0      5.7  3869.66  1966.64  1.00000
 1542595   921.49  3869.53  1966.58  99999.0      5.7  3869.53  1966.58  1.00000
 1542729   921.47  3869.41  1966.52  99999.0      5.7  3869.41  1966.52  1.00000
 1542862   921.46  3869.29  1966.46  99999.0      5.7  3869.29  1966.46  1.00000
 1542995   921.44  3869.16  1966.39  99999.0      5.7  3869.16  1966.39  1.00000
 1543129   921.43  3869.04  1966.33  99999.0      5.7  3869.04  1966.33  1.00000
 1543262   921.41  3868.91  1966.26  99999.0      5.7  3868.91  1966.26  1.00000
 1543395   921.39  3868.79  1966.20  99999.0      5.7  3868.79  1966.20  1.00000
 1543529   921.38  3868.66  1966.14  99999.0      5.7  3868.66  1966.14  1.00000
 1543662   921.36  3868.53  1966.07  99999.0      5.7  3868.53  1966.07  1.00000
 1543796   921.34  3868.41  1966.01  99999.0      5.7  3868.41  1966.01  1.00000
 1543929   921.32  3868.29  1965.94  99999.0      5.7  3868.29  1965.94  1.00000
 1544062   921.31  3868.16  1965.88  99999.0      5.7  3868.16  1965.88  1.00000
 1544196   921.29  3868.04  1965.82  99999.0      5.7  3868.04  1965.82  1.00000
 1544329   921.28  3867.91  1965.75  99999.0      5.7  3867.91  1965.75  1.00000
 1544462   921.26  3867.79  1965.69  99999.0      5.7  3867.79  1965.69  1.00000
 1544596   921.24  3867.66  1965.62  99999.0      5.7  3867.66  1965.62  1.00000
 1544729   921.23  3867.54  1965.56  99999.0      5.7  3867.54  1965.56  1.00000
 1544862   921.21  3867.41  1965.50  99999.0      5.7  3867.41  1965.50  1.00000
 1544996   921.19  3867.28  1965.44  99999.0      5.7  3867.28  1965.44  1.00000
 1545129   921.17  3867.16  1965.38  99999.0      5.7  3867.16  1965.38  1.00000
 1545263   921.16  3867.04  1965.31  99999.0      5.7  3867.04  1965.31  1.00000
 1545396   921.14  3866.92  1965.25  99999.0      5.7  3866.92  1965.25  1.00000
 1545529   921.13  3866.79  1965.19  99999.0      5.7  3866.79  1965.19  1.00000
 1545663   921.11  3866.66  1965.12  99999.0      5.7  3866.66  1965.12  1.00000
 1545796   921.09  3866.54  1965.06  99999.0      5.7  3866.54  1965.06  1.00000
 1545929   921.08  3866.42  1964.99  99999.0      5.7  3866.42  1964.99  1.00000
 1546063   921.06  3866.29  1964.93  99999.0      5.7  3866.29  1964.93  1.00000
 1546196   921.04  3866.16  1964.87  99999.0      5.7  3866.16  1964.87  1.00000
 1546329   921.03  3866.04  1964.80  99999.0      5.7  3866.04  1964.80  1.00000
 1546463   921.01  3865.91  1964.74  99999.0      5.7  3865.91  1964.74  1.00000
 1546596   920.99  3865.79  1964.67  99999.0      5.7  3865.79  1964.67  1.00000
 1546730   920.98  3865.67  1964.61  99999.0      5.7  3865.67  1964.61  1.00000
 1546863   920.96  3865.54  1964.55  99999.0      5.7  3865.54  1964.55  1.00000
 1546996   920.94  3865.41  1964.48  99999.0      5.7  3865.41  1964.48  1.00000
 1547130   920.93  3865.29  1964.42  99999.0      5.7  3865.29  1964.42  1.00000
 1547263   920.91  3865.17  1964.36  99999.0      5.7  3865.17  1964.36  1.00000
 1547396   920.89  3865.05  1964.30  99999.0      5.7  3865.05  1964.30  1.00000
 1547530   920.88  3864.92  1964.24  99999.0      5.7  3864.92  1964.24  1.00000
 1547663   920.86  3864.79  1964.17  99999.0      5.7  3864.79  1964.17  1.00000
 1547796   920.84  3864.67  1964.11  99999.0      5.7  3864.67  1964.11  1.00000
 1547930   920.83  3864.54  1964.04  99999.0      5.7  3864.54  1964.04  1.00000
 1548063   920.81  3864.42  1963.98  99999.0      5.7  3864.42  1963.98  1.00000
 1548196   920.79  3864.30  1963.92  99999.0      5.7  3864.30  1963.92  1.00000
 1548330   920.78  3864.17  1963.85  99999.0      5.7  3864.17  1963.85  1.00000
 1548463   920.76  3864.04  1963.79  99999.0      5.7  3864.04  1963.79  1.00000
 1548597   920.74  3863.92  1963.72  99999.0      5.7  3863.92  1963.72  1.00000
 1548730   920.73  3863.80  1963.66  99999.0      5.7  3863.80  1963.66  1.00000
 1548863   920.71  3863.67  1963.60  99999.0      5.7  3863.67  1963.60  1.00000
 1548997   920.69  3863.54  1963.54  99999.0      5.7  3863.54  1963.54  1.00000
 1549130   920.68  3863.42  1963.48  99999.0      5.7  3863.42  1963.48  1.00000
 1549263   920.66  3863.30  1963.41  99999.0      5.7  3863.30  1963.41  1.00000
 1549397   920.64  3863.18  1963.35  99999.0      5.7  3863.18  1963.35  1.00000
 1549530   920.63  3863.05  1963.29  99999.0      5.7  3863.05  1963.29  1.00000
 1549663   920.61  3862.92  1963.22  99999.0      5.7  3862.92  1963.22  1.00000
 1549797   920.59  3862.80  1963.16  99999.0      5.7  3862.80  1963.16  1.00000
 1549930   920.58  3862.67  1963.09  99999.0      5.7  3862.67  1963.09  1.00000
 1550064   920.56  3862.55  1963.03  99999.0      5.7  3862.55  1963.03  1.00000
 1550197   920.54  3862.43  1962.97  99999.0      5.7  3862.43  1962.97  1.00000
 1550330   920.53  3862.30  1962.90  99999.0      5.7  3862.30  1962.90  1.00000
 1550464   920.51  3862.17  1962.84  99999.0      5.7  3862.17  1962.84  1.00000
 1550597   920.49  3862.05  1962.77  99999.0      5.7  3862.05  1962.77  1.00000
 1550730   920.48  3861.93  1962.71  99999.0      5.7  3861.93  1962.71  1.00000
 1550864   920.46  3861.81  1962.65  99999.0      5.7  3861.81  1962.65  1.00000
 1550997   920.44  3861.68  1962.59  99999.0      5.7  3861.68  1962.59  1.00000
 1551130   920.43  3861.55  1962.53  99999.0      5.7  3861.55  1962.53  1.00000
 1551264   920.41  3861.43  1962.46  99999.0      5.7  3861.43  1962.46  1.00000
 1551397   920.39  3861.30  1962.40  99999.0      5.7  3861.30  1962.40  1.00000
 1551531   920.38  3861.18  1962.34  99999.0      5.7  3861.18  1962.34  1.00000
 1551664   920.36  3861.06  1962.27  99999.0      5.7  3861.06  1962.27  1.00000
 1551797   920.35  3860.94  1962.21  99999.0      5.7  3860.94  1962.21  1.00000
 1551931   920.33  3860.81  1962.14  99999.0      5.7  3860.81  1962.14  1.00000
 1552064   920.31  3860.68  1962.08  99999.0      5.7  3860.68  1962.08  1.00000
 1552197   920.30  3860.56  1962.02  99999.0      5.7  3860.56  1962.02  1.00000
 1552331   920.28  3860.44  1961.95  99999.0      5.7  3860.44  1961.95  1.00000
 1552464   920.26  3860.31  1961.89  99999.0      5.7  3860.31  1961.89  1.00000
 1552597   920.25  3860.19  1961.83  99999.0      5.7  3860.19  1961.83  1.00000
 1552731   920.23  3860.06  1961.77  99999.0      5.7  3860.06  1961.77  1.00000
 1552864   920.21  3859.93  1961.71  99999.0      5.7  3859.93  1961.71  1.00000
 1552997   920.20  3859.81  1961.64  99999.0      5.7  3859.81  1961.64  1.00000
 1553131   920.18  3859.69  1961.58  99999.0      5.7  3859.69  1961.58  1.00000
 1553264   920.16  3859.57  1961.51  99999.0      5.7  3859.57  1961.51  1.00000
 1553398   920.15  3859.44  1961.45  99999.0      5.7  3859.44  1961.45  1.00000
 1553531   920.13  3859.32  1961.39  99999.0      5.7  3859.32  1961.39  1.00000
 1553664   920.11  3859.19  1961.32  99999.0      5.7  3859.19  1961.32  1.00000
 1553798   920.10  3859.07  1961.26  99999.0      5.7  3859.07  1961.26  1.00000
 1553931   920.08  3858.94  1961.19  99999.0      5.7  3858.94  1961.19  1.00000
 1554064   920.06  3858.82  1961.13  99999.0      5.7  3858.82  1961.13  1.00000
 1554198   920.05  3858.70  1961.07  99999.0      5.7  3858.70  1961.07  1.00000
 1554331   920.03  3858.57  1961.01  99999.0      5.7  3858.57  1961.01  1.00000
 1554464   920.01  3858.44  1960.95  99999.0      5.7  3858.44  1960.95  1.00000
 1554598   920.00  3858.32  1960.88  99999.0      5.7  3858.32  1960.88  1.00000
 1554731   919.98  3858.20  1960.82  99999.0      5.7  3858.20  1960.82  1.00000
 1554865   919.96  3858.08  1960.76  99999.0      5.7  3858.08  1960.76  1.00000
 1554998   919.95  3857.95  1960.69  99999.0      5.7  3857.95  1960.69  1.00000
 1555131   919.93  3857.82  1960.63  99999.0      5.7  3857.82  1960.63  1.00000
 1555265   919.91  3857.70  1960.56  99999.0      5.7  3857.70  1960.56  1.00000
 1555398   919.90  3857.57  1960.50  99999.0      5.7  3857.57  1960.50  1.00000
 1555531   919.88  3857.45  1960.44  99999.0      5.7  3857.45  1960.44  1.00000
 1555665   919.86  3857.33  1960.38  99999.0      5.7  3857.33  1960.38  1.00000
 1555798   919.85  3857.21  1960.32  99999.0      5.7  3857.21  1960.32  1.00000
 1555931   919.83  3857.08  1960.25  99999.0      5.7  3857.08  1960.25  1.00000
 1556065   919.81  3856.96  1960.19  99999.0      5.7  3856.96  1960.19  1.00000
 1556198   919.80  3856.83  1960.12  99999.0      5.7  3856.83  1960.12  1.00000
 1556332   919.78  3856.70  1960.06  99999.0      5.7  3856.70  1960.06  1.00000
 1556465   919.77  3856.58  1960.00  99999.0      5.7  3856.58  1960.00  1.00000
 1556598   919.75  3856.46  1959.93  99999.0      5.7  3856.46  1959.93  1.00000
 1556732   919.73  3856.34  1959.87  99999.0      5.7  3856.34  1959.87  1.00000
 1556865   919.72  3856.21  1959.80  99999.0      5.7  3856.21  1959.80  1.00000
 1556998   919.70  3856.09  1959.74  99999.0      5.7  3856.09  1959.74  1.00000
 1557132   919.68  3855.96  1959.68  99999.0      5.7  3855.96  1959.68  1.00000
 1557265   919.67  3855.84  1959.62  99999.0      5.7  3855.84  1959.62  1.00000
 1557398   919.65  3855.71  1959.56  99999.0      5.7  3855.71  1959.56  1.00000
 1557532   919.63  3855.59  1959.49  99999.0      5.7  3855.59  1959.49  1.00000
 1557665   919.62  3855.47  1959.43  99999.0      5.7  3855.47  1959.43  1.00000
 1557798   919.60  3855.34  1959.37  99999.0      5.7  3855.34  1959.37  1.00000
 1557932   919.58  3855.21  1959.30  99999.0      5.7  3855.21  1959.30  1.00000
 1558065   919.57  3855.09  1959.24  99999.0      5.7  3855.09  1959.24  1.00000
 1558199   919.55  3854.97  1959.17  99999.0      5.7  3854.97  1959.17  1.00000
 1558332   919.53  3854.84  1959.11  99999.0      5.7  3854.84  1959.11  1.00000
 1558465   919.52  3854.72  1959.06  99999.0      5.7  3854.72  1959.06  1.00000
 1558599   919.50  3854.60  1958.99  99999.0      5.7  3854.60  1958.99  1.00000
 1558732   919.48  3854.48  1958.93  99999.0      5.7  3854.48  1958.93  1.00000
 1558865   919.47  3854.35  1958.86  99999.0      5.7  3854.35  1958.86  1.00000
 1558999   919.45  3854.22  1958.80  99999.0      5.7  3854.22  1958.80  1.00000
 1559132   919.43  3854.10  1958.74  99999.0      5.7  3854.10  1958.74  1.00000
 1559265   919.42  3853.98  1958.67  99999.0      5.7  3853.98  1958.67  1.00000
 1559399   919.40  3853.85  1958.61  99999.0      5.7  3853.85  1958.61  1.00000
 1559532   919.39  3853.73  1958.54  99999.0      5.7  3853.73  1958.54  1.00000
 1559666   919.37  3853.61  1958.48  99999.0      5.7  3853.61  1958.48  1.00000
 1559799   919.35  3853.49  1958.42  99999.0      5.7  3853.49  1958.42  1.00000
 1559932   919.34  3853.36  1958.36  99999.0      5.7  3853.36  1958.36  1.00000
 1560066   919.32  3853.24  1958.30  99999.0      5.7  3853.24  1958.30  1.00000
 1560199   919.30  3853.11  1958.23  99999.0      5.7  3853.11  1958.23  1.00000
 1560332   919.29  3852.98  1958.17  99999.0      5.7  3852.98  1958.17  1.00000
 1560466   919.27  3852.86  1958.11  99999.0      5.7  3852.86  1958.11  1.00000
 1560599   919.25  3852.74  1958.04  99999.0      5.7  3852.74  1958.04  1.00000
 1560732   919.24  3852.62  1957.98  99999.0      5.7  3852.62  1957.98  1.00000
 1560866   919.22  3852.49  1957.91  99999.0      5.7  3852.49  1957.91  1.00000
 1560999   919.20  3852.37  1957.85  99999.0      5.7  3852.37  1957.85  1.00000
 1561133   919.18  3852.21  1957.78  99999.0      5.7  3852.21  1957.78  1.00000
 1561266   919.19  3852.42  1957.89  99999.0      5.8  3852.42  1957.89  1.00000
 1561399   920.20  3870.20  1966.91  99999.0      6.7  3870.20  1966.91  1.00000
 1561533   921.29  3889.45  1976.70  99999.0      7.8  3889.45  1976.70  1.00000
 1561666   921.92  3901.00  1982.57  99999.0      8.6  3901.00  1982.57  1.00000
 1561799   922.53  3912.24  1988.28  99999.0      9.6  3912.24  1988.28  1.00000
 1561933   923.15  3923.74  1994.13  99999.0     10.7  3923.74  1994.13  1.00000
 1562066   923.76  3935.14  1999.92  99999.0     12.0  3935.14  1999.92  1.00000
 1562199   924.35  3946.43  2005.65  99999.0     13.6  3946.43  2005.65  1.00000
 1562333   924.93  3957.57  2011.32  99999.0     15.5  3957.57  2011.32  1.00000
 1562466   925.50  3968.56  2016.91  99999.0     17.8  3968.56  2016.91  1.00000
 1562599   926.05  3979.36  2022.40  99999.0     20.6  3979.36  2022.40  1.00000
 1562733   926.58  3989.97  2027.79  99999.0     24.0  3989.97  2027.79  1.00000
 1562866   927.10  4000.36  2033.07  99999.0     28.1  4000.36  2033.07  1.00000
 1563000   927.61  4010.52  2038.23  99999.0     33.3  4010.52  2038.23  1.00000
 1563133   928.09  4020.42  2043.26  99999.0     39.8  4020.42  2043.26  1.00000
 1563266   928.56  4030.05  2048.15  99999.0     48.2  4030.05  2048.15  1.00000
 1563400   929.01  4039.38  2052.90  99999.0     59.0  4039.38  2052.90  1.00000
 1563533   929.44  4048.38  2057.48  99999.0     73.0  4048.38  2057.48  1.00000
 1563666   929.85  4057.06  2061.89  99999.0     91.8  4057.06  2061.89  1.00000
 1563800   930.23  4065.38  2066.11  99999.0    117.0  4065.38  2066.11  1.00000
 1563933   930.60  4073.35  2070.16  99999.0    152.4  4073.35  2070.16  1.00000
 1564066   930.94  4080.91  2074.00  99999.0    201.3  4080.91  2074.00  1.00000
 1564200   931.27  4088.09  2077.65  99999.0    272.8  4088.09  2077.65  1.00000
 1564333   931.57  4094.85  2081.09  99999.0    376.9  4094.85  2081.09  1.00000
 1564467   931.84  4101.21  2084.32  99999.0    537.4  4101.21  2084.32  1.00000
 1564600   932.10  4107.12  2087.32  99999.0    786.6  4107.12  2087.32  1.00000
 1564733   932.33  4112.61  2090.12  99999.0   1193.9  4112.61  2090.12  1.00000
 1564867   932.53  4117.63  2092.67  99999.0   1933.7  4117.63  2092.67  1.00000
 1565000   932.72  4122.24  2095.01  99999.0   3095.0  4122.24  2095.01  1.00000
