icehot_20km_simple.txt
  1    1.00000  1
190 70 120 190
       0  8164.82  5218.97  2751.72  40000.0    200.0  5218.97  2751.72  1.00000
   19249  8164.48  5218.79  2751.64  40000.0    200.0  5218.79  2751.64  1.00000
   38498  8163.49  5218.26  2751.39  40000.0    200.0  5218.26  2751.39  1.00000
   57747  8161.85  5217.36  2750.98  40000.0    200.0  5217.36  2750.98  1.00000
   76997  8159.55  5216.12  2750.41  40000.0    200.0  5216.12  2750.41  1.00000
   96246  8156.59  5214.51  2749.67  40000.0    200.0  5214.51  2749.67  1.00000
  115495  8152.98  5212.55  2748.76  40000.0    200.0  5212.55  2748.76  1.00000
  134744  8148.71  5210.23  2747.69  40000.0    200.0  5210.23  2747.69  1.00000
  153993  8143.79  5207.55  2746.46  40000.0    200.0  5207.55  2746.46  1.00000
  173242  8138.22  5204.51  2745.06  40000.0    200.0  5204.51  2745.06  1.00000
  192492  8131.99  5201.10  2743.49  40000.0    200.0  5201.10  2743.49  1.00000
  211741  8125.12  5197.34  2741.76  40000.0    200.0  5197.34  2741.76  1.00000
  230990  8117.60  5193.21  2739.85  40000.0    200.0  5193.21  2739.85  1.00000
  250239  8109.44  5188.71  2737.78  40000.0    200.0  5188.71  2737.78  1.00000
  269488  8100.64  5183.84  2735.54  40000.0    200.0  5183.84  2735.54  1.00000
  288737  8091.20  5178.60  2733.13  40000.0    200.0  5178.60  2733.13  1.00000
  307987  8081.11  5172.99  2730.55  40000.0    200.0  5172.99  2730.55  1.00000
  327236  8070.39  5167.01  2727.80  40000.0    200.0  5167.01  2727.80  1.00000
  346485  8059.03  5160.65  2724.87  40000.0    200.0  5160.65  2724.87  1.00000
  365734  8047.04  5153.90  2721.76  40000.0    200.0  5153.90  2721.76  1.00000
  384983  8034.42  5146.77  2718.48  40000.0    200.0  5146.77  2718.48  1.00000
  404232  8021.18  5139.25  2715.03  40000.0    200.0  5139.25  2715.03  1.00000
  423482  8007.32  5131.34  2711.39  40000.0    200.0  5131.34  2711.39  1.00000
  442731  7992.84  5123.04  2707.58  40000.0    200.0  5123.04  2707.58  1.00000
  461980  7977.75  5114.33  2703.58  40000.0    200.0  5114.33  2703.58  1.00000
  481229  3478.88  7673.72  4294.73  40000.0    200.0  7673.72  4294.73  1.00000
  500478  3480.52  7682.91  4299.64  40000.0    200.0  7682.91  4299.64  1.00000
  519727  3476.48  7664.72  4294.18  40000.0    200.0  7664.72  4294.18  1.00000
  538977  3472.23  7645.46  4288.26  40000.0    200.0  7645.46  4288.26  1.00000
  558226  3468.07  7626.59  4282.61  40000.0    200.0  7626.59  4282.61  1.00000
  577475  3470.06  7637.22  4288.28  40000.0    200.0  7637.22  4288.28  1.00000
  596724  3464.87  7614.65  4282.37  40000.0    200.0  7614.65  4282.37  1.00000
  615973  3457.21  7583.11  4275.73  40000.0    200.0  7583.11  4275.73  1.00000
  635222  3463.24  7608.59  4282.75  40000.0    200.0  7608.59  4282.75  1.00000
  654472  3455.91  7578.26  4276.34  40000.0    200.0  7578.26  4276.34  1.00000
  673721  3449.85  7552.24  4270.24  40000.0    200.0  7552.24  4270.24  1.00000
  692970  3445.64  7532.94  4264.62  40000.0    200.0  7532.94  4264.62  1.00000
  712219  3447.69  7544.22  4270.82  40000.0    200.0  7544.22  4270.82  1.00000
  731468  3443.38  7524.57  4265.10  40000.0    200.0  7524.57  4265.10  1.00000
  750717  3439.16  7505.34  4259.54  40000.0    200.0  7505.34  4259.54  1.00000
  769967  3434.79  7484.86  4253.62  40000.0    200.0  7484.86  4253.62  1.00000
  789216  3436.89  7496.97  4260.14  40000.0    200.0  7496.97  4260.14  1.00000
  808465  3432.63  7477.13  4254.51  40000.0    200.0  7477.13  4254.51  1.00000
  827714  3428.35  7457.25  4248.90  40000.0    200.0  7457.25  4248.90  1.00000
  846963  3424.04  7437.26  4243.28  40000.0    200.0  7437.26  4243.28  1.00000
  866212  3426.29  7450.28  4250.17  40000.0    200.0  7450.28  4250.17  1.00000
  885462  3428.54  7463.23  4257.06  40000.0    200.0  7463.23  4257.06  1.00000
  904711  3424.28  7443.54  4251.59  40000.0    200.0  7443.54  4251.59  1.00000
  923960  3419.99  7423.70  4246.11  40000.0    200.0  7423.70  4246.11  1.00000
  962458  3415.92  7407.80  4244.20  40000.0    200.0  7407.80  4244.20  1.00000
  981707  3404.40  7355.81  4226.60  40000.0    200.0  7355.81  4226.60  1.00000
 1000957  3400.00  7335.06  4221.11  40000.0    200.0  7335.06  4221.11  1.00000
 1039455  3391.09  7293.07  4210.09  40000.0    200.0  7293.07  4210.09  1.00000
 1058704  3386.58  7271.73  4204.56  40000.0    200.0  7271.73  4204.56  1.00000
 1077953  3389.13  7286.63  4212.18  40000.0    200.0  7286.63  4212.18  1.00000
 1097202  3384.62  7265.42  4206.70  40000.0    200.0  7265.42  4206.70  1.00000
 1116452  3380.07  7243.99  4201.20  40000.0    200.0  7243.99  4201.20  1.00000
 1154950  3370.83  7199.93  4189.91  40000.0    200.0  7199.93  4189.91  1.00000
 1174199  3366.15  7177.62  4184.29  40000.0    200.0  7177.62  4184.29  1.00000
 1193448  3368.90  7193.83  4192.35  40000.0    200.0  7193.83  4192.35  1.00000
 1212697  3364.23  7171.69  4186.82  40000.0    200.0  7171.69  4186.82  1.00000
 1251196  3362.36  7165.85  4189.49  40000.0    200.0  7165.85  4189.49  1.00000
 1270445  3357.66  7143.46  4184.04  40000.0    200.0  7143.46  4184.04  1.00000
 1308943  3347.26  7097.88  4178.09  40000.0    200.0  7097.88  4178.09  1.00000
 1347441  3354.25  7138.49  4196.42  40000.0    200.0  7138.49  4196.42  1.00000
 1366691  3380.78  7307.05  4277.34  40000.0    200.0  7307.05  4277.34  1.00000
 1385940  3387.30  7420.49  4326.55  40000.0    200.0  7420.49  4326.55  1.00000
 1405189  3402.12  7548.69  4379.73  40000.0    200.0  7548.69  4379.73  1.00000
 1424438  3454.95  7737.00  4490.51  40000.0    200.0  7737.00  4490.51  1.00000
 1438875  3440.86  7758.19  4491.23  40000.0    200.0  7758.19  4491.23  1.00000
 1438875  1073.64  1721.97     0.00  40000.0    200.0  1721.97     0.00  1.00000
 1441011  1072.50  1716.11     0.00  40000.0    200.0  1716.11     0.00  1.00000
 1443146  1071.36  1710.27     0.00  40000.0    200.0  1710.27     0.00  1.00000
 1445282  1070.22  1704.43     0.00  40000.0    200.0  1704.43     0.00  1.00000
 1447418  1069.07  1698.59     0.00  40000.0    200.0  1698.59     0.00  1.00000
 1449553  1067.92  1692.75     0.00  40000.0    200.0  1692.75     0.00  1.00000
 1451689  1066.77  1686.93     0.00  40000.0    200.0  1686.93     0.00  1.00000
 1453825  1065.61  1681.10     0.00  40000.0    200.0  1681.10     0.00  1.00000
 1455960  1064.44  1675.28     0.00  40000.0    200.0  1675.28     0.00  1.00000
 1458096  1063.28  1669.47     0.00  40000.0    200.0  1669.47     0.00  1.00000
 1460232  1062.10  1663.66     0.00  40000.0    200.0  1663.66     0.00  1.00000
 1462367  1060.92  1657.87     0.00  40000.0    200.0  1657.87     0.00  1.00000
 1464503  1059.75  1652.08     0.00  40000.0    200.0  1652.08     0.00  1.00000
 1466639  1058.56  1646.30     0.00  40000.0    200.0  1646.30     0.00  1.00000
 1468774  1057.37  1640.53     0.00  40000.0    200.0  1640.53     0.00  1.00000
 1470910  1056.17  1634.78     0.00  40000.0    200.0  1634.78     0.00  1.00000
 1473046  1054.97  1629.05     0.00  40000.0    200.0  1629.05     0.00  1.00000
 1475182  1053.77  1623.31     0.00  40000.0    200.0  1623.31     0.00  1.00000
 1477317  1052.56  1617.61     0.00  40000.0    200.0  1617.61     0.00  1.00000
 1479453  1051.35  1611.91     0.00  40000.0    200.0  1611.91     0.00  1.00000
 1481589  1050.13  1606.24     0.00  40000.0    200.0  1606.24     0.00  1.00000
 1483724  1048.91  1600.58     0.00  40000.0    200.0  1600.58     0.00  1.00000
 1485860  1047.68  1594.94     0.00  40000.0    200.0  1594.94     0.00  1.00000
 1487996  1046.44  1589.32     0.00  40000.0    200.0  1589.32     0.00  1.00000
 1490131  1045.21  1583.72     0.00  40000.0    200.0  1583.72     0.00  1.00000
 1492267  1043.97  1578.15     0.00  40000.0    200.0  1578.15     0.00  1.00000
 1494403  1042.72  1572.59     0.00  40000.0    200.0  1572.59     0.00  1.00000
 1496538  1041.47  1567.06     0.00  40000.0    200.0  1567.06     0.00  1.00000
 1498674  1040.21  1561.56     0.00  40000.0    200.0  1561.56     0.00  1.00000
 1499742  1039.58  1558.82     0.00  40000.0    200.0  1558.82     0.00  1.00000
 1500810  1038.95  1556.08     0.00  40000.0    200.0  1556.08     0.00  1.00000
 1505081  1036.41  1545.21     0.00  40000.0    200.0  1545.21     0.00  1.00000
 1507217  1035.14  1539.81     0.00  40000.0    200.0  1539.81     0.00  1.00000
 1509352  1033.86  1534.45     0.00  40000.0    200.0  1534.45     0.00  1.00000
 1511488  1032.57  1529.12     0.00  40000.0    200.0  1529.12     0.00  1.00000
 1513624  1031.28  1523.81     0.00  40000.0    200.0  1523.81     0.00  1.00000
 1515759  1029.98  1518.54     0.00  40000.0    200.0  1518.54     0.00  1.00000
 1517895  1028.68  1513.31     0.00  40000.0    200.0  1513.31     0.00  1.00000
 1520031  1027.38  1508.09     0.00  40000.0    200.0  1508.09     0.00  1.00000
 1523234  1025.41  1500.35     0.00  40000.0    200.0  1500.35     0.00  1.00000
 1524302  1024.76  1497.78     0.00  40000.0    200.0  1497.78     0.00  1.00000
 1525370  1024.09  1495.23     0.00  40000.0    200.0  1495.23     0.00  1.00000
 1528573  1022.11  1487.62     0.00  40000.0    200.0  1487.62     0.00  1.00000
 1530709  1020.78  1482.58     0.00  40000.0    200.0  1482.58     0.00  1.00000
 1532845  1019.44  1477.58     0.00  40000.0    200.0  1477.58     0.00  1.00000
 1534981  1018.10  1472.63     0.00  40000.0    200.0  1472.63     0.00  1.00000
 1537116  1016.77  1467.69     0.00  40000.0    200.0  1467.69     0.00  1.00000
 1539252  1015.41  1462.81     0.00  40000.0    200.0  1462.81     0.00  1.00000
 1541388  1014.06  1457.96     0.00  40000.0    200.0  1457.96     0.00  1.00000
 1545125  1011.68  1449.55     0.00  40000.0    200.0  1449.55     0.00  1.00000
 1545125   921.18  3867.16  1965.38  40000.0    200.0  3867.16  1965.38  1.00000
 1545657   921.11  3866.67  1965.12  40000.0    200.0  3866.67  1965.12  1.00000
 1546587   920.99  3865.80  1964.68  40000.0    200.0  3865.80  1964.68  1.00000
 1546853   920.96  3865.55  1964.55  40000.0    200.0  3865.55  1964.55  1.00000
 1547119   920.93  3865.30  1964.43  40000.0    200.0  3865.30  1964.43  1.00000
 1547385   920.89  3865.06  1964.31  40000.0    200.0  3865.06  1964.31  1.00000
 1547651   920.86  3864.80  1964.18  40000.0    200.0  3864.80  1964.18  1.00000
 1547917   920.83  3864.56  1964.05  40000.0    200.0  3864.56  1964.05  1.00000
 1548183   920.80  3864.31  1963.92  40000.0    200.0  3864.31  1963.92  1.00000
 1548449   920.76  3864.06  1963.79  40000.0    200.0  3864.06  1963.79  1.00000
 1548714   920.73  3863.81  1963.67  40000.0    200.0  3863.81  1963.67  1.00000
 1548980   920.70  3863.56  1963.55  40000.0    200.0  3863.56  1963.55  1.00000
 1549246   920.66  3863.31  1963.42  40000.0    200.0  3863.31  1963.42  1.00000
 1549512   920.63  3863.07  1963.29  40000.0    200.0  3863.07  1963.29  1.00000
 1549778   920.60  3862.81  1963.17  40000.0    200.0  3862.81  1963.17  1.00000
 1550044   920.56  3862.57  1963.04  40000.0    200.0  3862.57  1963.04  1.00000
 1550310   920.53  3862.32  1962.91  40000.0    200.0  3862.32  1962.91  1.00000
 1550576   920.50  3862.07  1962.78  40000.0    200.0  3862.07  1962.78  1.00000
 1550842   920.46  3861.83  1962.66  40000.0    200.0  3861.83  1962.66  1.00000
 1551107   920.43  3861.58  1962.54  40000.0    200.0  3861.58  1962.54  1.00000
 1551373   920.40  3861.33  1962.41  40000.0    200.0  3861.33  1962.41  1.00000
 1551639   920.36  3861.08  1962.28  40000.0    200.0  3861.08  1962.28  1.00000
 1551905   920.33  3860.83  1962.16  40000.0    200.0  3860.83  1962.16  1.00000
 1552171   920.30  3860.58  1962.03  40000.0    200.0  3860.58  1962.03  1.00000
 1552437   920.27  3860.34  1961.91  40000.0    200.0  3860.34  1961.91  1.00000
 1552703   920.23  3860.09  1961.78  40000.0    200.0  3860.09  1961.78  1.00000
 1552969   920.20  3859.84  1961.66  40000.0    200.0  3859.84  1961.66  1.00000
 1553235   920.17  3859.59  1961.53  40000.0    200.0  3859.59  1961.53  1.00000
 1553500   920.13  3859.35  1961.40  40000.0    200.0  3859.35  1961.40  1.00000
 1553766   920.10  3859.09  1961.27  40000.0    200.0  3859.09  1961.27  1.00000
 1554032   920.07  3858.85  1961.15  40000.0    200.0  3858.85  1961.15  1.00000
 1554298   920.03  3858.60  1961.03  40000.0    200.0  3858.60  1961.03  1.00000
 1554564   920.00  3858.35  1960.90  40000.0    200.0  3858.35  1960.90  1.00000
 1554830   919.97  3858.11  1960.77  40000.0    200.0  3858.11  1960.77  1.00000
 1555096   919.94  3857.86  1960.64  40000.0    200.0  3857.86  1960.64  1.00000
 1555362   919.90  3857.61  1960.52  40000.0    200.0  3857.61  1960.52  1.00000
 1555628   919.87  3857.36  1960.39  40000.0    200.0  3857.36  1960.39  1.00000
 1555893   919.84  3857.12  1960.27  40000.0    200.0  3857.12  1960.27  1.00000
 1556159   919.80  3856.87  1960.14  40000.0    200.0  3856.87  1960.14  1.00000
 1556425   919.77  3856.62  1960.02  40000.0    200.0  3856.62  1960.02  1.00000
 1556691   919.74  3856.37  1959.89  40000.0    200.0  3856.37  1959.89  1.00000
 1556957   919.70  3856.13  1959.76  40000.0    200.0  3856.13  1959.76  1.00000
 1557223   919.67  3855.88  1959.64  40000.0    200.0  3855.88  1959.64  1.00000
 1557489   919.64  3855.63  1959.52  40000.0    200.0  3855.63  1959.52  1.00000
 1557755   919.61  3855.39  1959.39  40000.0    200.0  3855.39  1959.39  1.00000
 1558020   919.57  3855.14  1959.26  40000.0    200.0  3855.14  1959.26  1.00000
 1558286   919.54  3854.89  1959.13  40000.0    200.0  3854.89  1959.13  1.00000
 1558552   919.51  3854.64  1959.02  40000.0    200.0  3854.64  1959.02  1.00000
 1558818   919.47  3854.40  1958.89  40000.0    200.0  3854.40  1958.89  1.00000
 1559084   919.44  3854.15  1958.76  40000.0    200.0  3854.15  1958.76  1.00000
 1559350   919.41  3853.90  1958.63  40000.0    200.0  3853.90  1958.63  1.00000
 1559616   919.37  3853.65  1958.50  40000.0    200.0  3853.65  1958.50  1.00000
 1559882   919.34  3853.41  1958.38  40000.0    200.0  3853.41  1958.38  1.00000
 1560148   919.31  3853.16  1958.26  40000.0    200.0  3853.16  1958.26  1.00000
 1560413   919.28  3852.91  1958.13  40000.0    200.0  3852.91  1958.13  1.00000
 1560679   919.24  3852.67  1958.00  40000.0    200.0  3852.67  1958.00  1.00000
 1560945   919.21  3852.42  1957.88  40000.0    200.0  3852.42  1957.88  1.00000
 1561211   919.17  3852.14  1957.74  40000.0    200.0  3852.14  1957.74  1.00000
 1561477   921.26  3888.97  1976.46  40000.0    200.0  3888.97  1976.46  1.00000
 1561743   922.53  3912.16  1988.23  40000.0    200.0  3912.16  1988.23  1.00000
 1562009   923.70  3934.02  1999.35  40000.0    200.0  3934.02  1999.35  1.00000
 1562275   924.83  3955.56  2010.30  40000.0    200.0  3955.56  2010.30  1.00000
 1562541   925.91  3976.63  2021.00  40000.0    200.0  3976.63  2021.00  1.00000
 1562806   926.94  3997.09  2031.41  40000.0    200.0  3997.09  2031.41  1.00000
 1563072   927.91  4016.78  2041.41  40000.0    200.0  4016.78  2041.41  1.00000
 1563338   928.82  4035.52  2050.93  40000.0    200.0  4035.52  2050.93  1.00000
 1563604   929.66  4053.17  2059.91  40000.0    200.0  4053.17  2059.91  1.00000
 1564136   931.11  4084.56  2075.86  40000.0    200.0  4084.56  2075.86  1.00000
 1564668   932.21  4109.86  2088.72  40000.0    200.0  4109.86  2088.72  1.00000
 1565000   932.72  4122.24  2095.01  40000.0    200.0  4122.24  2095.01  1.00000
