icehot_5km_prem.txt
  1    1.000000  1
800 300 500 0
       0  8165.02  5219.09  2751.78  40000.0    200.0  5219.09  2751.78  1.00000
    4812  8165.00  5219.08  2751.78  40000.0    200.0  5219.08  2751.78  1.00000
    9625  8164.94  5219.05  2751.76  40000.0    200.0  5219.05  2751.76  1.00000
   14437  8164.83  5218.99  2751.73  40000.0    200.0  5218.99  2751.73  1.00000
   19249  8164.69  5218.91  2751.70  40000.0    200.0  5218.91  2751.70  1.00000
   24061  8164.51  5218.82  2751.65  40000.0    200.0  5218.82  2751.65  1.00000
   28874  8164.27  5218.69  2751.60  40000.0    200.0  5218.69  2751.60  1.00000
   33686  8164.01  5218.54  2751.53  40000.0    200.0  5218.54  2751.53  1.00000
   38498  8163.70  5218.38  2751.45  40000.0    200.0  5218.38  2751.45  1.00000
   43311  8163.35  5218.19  2751.37  40000.0    200.0  5218.19  2751.37  1.00000
   48123  8162.96  5217.98  2751.27  40000.0    200.0  5217.98  2751.27  1.00000
   52935  8162.52  5217.74  2751.16  40000.0    200.0  5217.74  2751.16  1.00000
   57747  8162.05  5217.49  2751.04  40000.0    200.0  5217.49  2751.04  1.00000
   62560  8161.54  5217.21  2750.91  40000.0    200.0  5217.21  2750.91  1.00000
   67372  8160.99  5216.91  2750.78  40000.0    200.0  5216.91  2750.78  1.00000
   72184  8160.39  5216.59  2750.62  40000.0    200.0  5216.59  2750.62  1.00000
   76997  8159.75  5216.24  2750.47  40000.0    200.0  5216.24  2750.47  1.00000
   81809  8159.07  5215.88  2750.30  40000.0    200.0  5215.88  2750.30  1.00000
   86621  8158.35  5215.48  2750.12  40000.0    200.0  5215.48  2750.12  1.00000
   91434  8157.59  5215.07  2749.92  40000.0    200.0  5215.07  2749.92  1.00000
   96246  8156.79  5214.63  2749.73  40000.0    200.0  5214.63  2749.73  1.00000
  101058  8155.95  5214.17  2749.52  40000.0    200.0  5214.17  2749.52  1.00000
  105870  8155.07  5213.69  2749.30  40000.0    200.0  5213.69  2749.30  1.00000
  110683  8154.14  5213.20  2749.06  40000.0    200.0  5213.20  2749.06  1.00000
  115495  8153.18  5212.67  2748.82  40000.0    200.0  5212.67  2748.82  1.00000
  120307  8152.18  5212.12  2748.57  40000.0    200.0  5212.12  2748.57  1.00000
  125120  8151.13  5211.56  2748.31  40000.0    200.0  5211.56  2748.31  1.00000
  129932  8150.04  5210.97  2748.03  40000.0    200.0  5210.97  2748.03  1.00000
  134744  8148.91  5210.35  2747.75  40000.0    200.0  5210.35  2747.75  1.00000
  139556  8147.75  5209.71  2747.46  40000.0    200.0  5209.71  2747.46  1.00000
  144369  8146.54  5209.06  2747.16  40000.0    200.0  5209.06  2747.16  1.00000
  149181  8145.29  5208.38  2746.85  40000.0    200.0  5208.38  2746.85  1.00000
  153993  8143.99  5207.67  2746.52  40000.0    200.0  5207.67  2746.52  1.00000
  158806  8142.66  5206.94  2746.19  40000.0    200.0  5206.94  2746.19  1.00000
  163618  8141.29  5206.20  2745.84  40000.0    200.0  5206.20  2745.84  1.00000
  168430  8139.88  5205.42  2745.49  40000.0    200.0  5205.42  2745.49  1.00000
  173242  8138.42  5204.63  2745.12  40000.0    200.0  5204.63  2745.12  1.00000
  178055  8136.93  5203.81  2744.75  40000.0    200.0  5203.81  2744.75  1.00000
  182867  8135.39  5202.98  2744.36  40000.0    200.0  5202.98  2744.36  1.00000
  187679  8133.81  5202.11  2743.96  40000.0    200.0  5202.11  2743.96  1.00000
  192492  8132.20  5201.23  2743.55  40000.0    200.0  5201.23  2743.55  1.00000
  197304  8130.54  5200.32  2743.14  40000.0    200.0  5200.32  2743.14  1.00000
  202116  8128.85  5199.39  2742.71  40000.0    200.0  5199.39  2742.71  1.00000
  206929  8127.11  5198.43  2742.27  40000.0    200.0  5198.43  2742.27  1.00000
  211741  8125.33  5197.46  2741.82  40000.0    200.0  5197.46  2741.82  1.00000
  216553  8123.51  5196.47  2741.36  40000.0    200.0  5196.47  2741.36  1.00000
  221365  8121.65  5195.44  2740.89  40000.0    200.0  5195.44  2740.89  1.00000
  226178  8119.75  5194.40  2740.41  40000.0    200.0  5194.40  2740.41  1.00000
  230990  8117.81  5193.33  2739.91  40000.0    200.0  5193.33  2739.91  1.00000
  235802  8115.83  5192.24  2739.41  40000.0    200.0  5192.24  2739.41  1.00000
  240615  8113.81  5191.13  2738.90  40000.0    200.0  5191.13  2738.90  1.00000
  245427  8111.75  5190.00  2738.38  40000.0    200.0  5190.00  2738.38  1.00000
  250239  8109.65  5188.83  2737.84  40000.0    200.0  5188.83  2737.84  1.00000
  255051  8107.51  5187.66  2737.30  40000.0    200.0  5187.66  2737.30  1.00000
  259864  8105.33  5186.45  2736.75  40000.0    200.0  5186.45  2736.75  1.00000
  264676  8103.11  5185.22  2736.18  40000.0    200.0  5185.22  2736.18  1.00000
  269488  8100.85  5183.97  2735.60  40000.0    200.0  5183.97  2735.60  1.00000
  274301  8098.55  5182.70  2735.01  40000.0    200.0  5182.70  2735.01  1.00000
  279113  8096.20  5181.40  2734.42  40000.0    200.0  5181.40  2734.42  1.00000
  283925  8093.82  5180.08  2733.81  40000.0    200.0  5180.08  2733.81  1.00000
  288737  8091.40  5178.73  2733.19  40000.0    200.0  5178.73  2733.19  1.00000
  293550  8088.93  5177.37  2732.56  40000.0    200.0  5177.37  2732.56  1.00000
  298362  8086.43  5175.97  2731.93  40000.0    200.0  5175.97  2731.93  1.00000
  303174  8083.89  5174.56  2731.27  40000.0    200.0  5174.56  2731.27  1.00000
  307987  8081.31  5173.12  2730.61  40000.0    200.0  5173.12  2730.61  1.00000
  312799  8078.68  5171.67  2729.94  40000.0    200.0  5171.67  2729.94  1.00000
  317611  8076.03  5170.17  2729.26  40000.0    200.0  5170.17  2729.26  1.00000
  322423  8073.32  5168.66  2728.56  40000.0    200.0  5168.66  2728.56  1.00000
  327236  8070.59  5167.13  2727.86  40000.0    200.0  5167.13  2727.86  1.00000
  332048  8067.80  5165.58  2727.14  40000.0    200.0  5165.58  2727.14  1.00000
  336860  8064.98  5164.00  2726.41  40000.0    200.0  5164.00  2726.41  1.00000
  341673  8062.13  5162.40  2725.68  40000.0    200.0  5162.40  2725.68  1.00000
  346485  8059.23  5160.78  2724.93  40000.0    200.0  5160.78  2724.93  1.00000
  351297  8056.29  5159.12  2724.17  40000.0    200.0  5159.12  2724.17  1.00000
  356110  8053.31  5157.44  2723.40  40000.0    200.0  5157.44  2723.40  1.00000
  360922  8050.30  5155.75  2722.62  40000.0    200.0  5155.75  2722.62  1.00000
  365734  8047.24  5154.03  2721.83  40000.0    200.0  5154.03  2721.83  1.00000
  370546  8044.15  5152.28  2721.02  40000.0    200.0  5152.28  2721.02  1.00000
  375359  8041.01  5150.51  2720.21  40000.0    200.0  5150.51  2720.21  1.00000
  380171  8037.84  5148.71  2719.38  40000.0    200.0  5148.71  2719.38  1.00000
  384983  8034.62  5146.90  2718.55  40000.0    200.0  5146.90  2718.55  1.00000
  389796  8031.38  5145.05  2717.70  40000.0    200.0  5145.05  2717.70  1.00000
  394608  8028.09  5143.19  2716.84  40000.0    200.0  5143.19  2716.84  1.00000
  399420  8024.75  5141.29  2715.97  40000.0    200.0  5141.29  2715.97  1.00000
  404232  8021.38  5139.38  2715.09  40000.0    200.0  5139.38  2715.09  1.00000
  409045  8017.98  5137.43  2714.20  40000.0    200.0  5137.43  2714.20  1.00000
  413857  8014.53  5135.47  2713.30  40000.0    200.0  5135.47  2713.30  1.00000
  418669  8011.05  5133.48  2712.39  40000.0    200.0  5133.48  2712.39  1.00000
  423482  8007.52  5131.47  2711.45  40000.0    200.0  5131.47  2711.45  1.00000
  428294  8003.96  5129.43  2710.52  40000.0    200.0  5129.43  2710.52  1.00000
  433106  8000.36  5127.36  2709.57  40000.0    200.0  5127.36  2709.57  1.00000
  437918  7996.72  5125.28  2708.62  40000.0    200.0  5125.28  2708.62  1.00000
  442731  7993.04  5123.17  2707.64  40000.0    200.0  5123.17  2707.64  1.00000
  447543  7989.33  5121.03  2706.66  40000.0    200.0  5121.03  2706.66  1.00000
  452355  7985.57  5118.86  2705.67  40000.0    200.0  5118.86  2705.67  1.00000
  457168  7981.78  5116.68  2704.66  40000.0    200.0  5116.68  2704.66  1.00000
  461980  7977.95  5114.46  2703.64  40000.0    200.0  5114.46  2703.64  1.00000
  466792  3483.36  7694.33  4301.41  40000.0    200.0  7694.33  4301.41  1.00000
  471605  3483.71  7696.38  4302.54  40000.0    200.0  7696.38  4302.54  1.00000
  476417  3478.41  7671.15  4293.36  40000.0    200.0  7671.15  4293.36  1.00000
  481229  3478.83  7673.45  4294.58  40000.0    200.0  7673.45  4294.58  1.00000
  486041  3479.23  7675.74  4295.81  40000.0    200.0  7675.74  4295.81  1.00000
  490854  3479.65  7678.03  4297.04  40000.0    200.0  7678.03  4297.04  1.00000
  495666  3480.05  7680.33  4298.27  40000.0    200.0  7680.33  4298.27  1.00000
  500478  3480.47  7682.63  4299.49  40000.0    200.0  7682.63  4299.49  1.00000
  505291  3475.15  7657.33  4290.25  40000.0    200.0  7657.33  4290.25  1.00000
  510103  3475.58  7659.68  4291.51  40000.0    200.0  7659.68  4291.51  1.00000
  514915  3476.00  7662.05  4292.77  40000.0    200.0  7662.05  4292.77  1.00000
  519727  3476.43  7664.43  4294.03  40000.0    200.0  7664.43  4294.03  1.00000
  524540  3476.86  7666.82  4295.31  40000.0    200.0  7666.82  4295.31  1.00000
  529352  3477.29  7669.21  4296.58  40000.0    200.0  7669.21  4296.58  1.00000
  534164  3471.68  7642.53  4286.70  40000.0    200.0  7642.53  4286.70  1.00000
  538977  3472.17  7645.15  4288.10  40000.0    200.0  7645.15  4288.10  1.00000
  543789  3472.65  7647.77  4289.50  40000.0    200.0  7647.77  4289.50  1.00000
  548601  3473.15  7650.40  4290.91  40000.0    200.0  7650.40  4290.91  1.00000
  553413  3473.64  7653.03  4292.32  40000.0    200.0  7653.03  4292.32  1.00000
  558226  3474.13  7655.68  4293.74  40000.0    200.0  7655.68  4293.74  1.00000
  563038  3468.50  7628.93  4283.86  40000.0    200.0  7628.93  4283.86  1.00000
  567850  3469.00  7631.59  4285.28  40000.0    200.0  7631.59  4285.28  1.00000
  572663  3469.49  7634.24  4286.71  40000.0    200.0  7634.24  4286.71  1.00000
  577475  3470.00  7636.91  4288.12  40000.0    200.0  7636.91  4288.12  1.00000
  582287  3470.49  7639.58  4289.55  40000.0    200.0  7639.58  4289.55  1.00000
  587099  3463.20  7606.75  4279.16  40000.0    200.0  7606.75  4279.16  1.00000
  591912  3463.98  7610.43  4280.68  40000.0    200.0  7610.43  4280.68  1.00000
  596724  3464.78  7614.20  4282.20  40000.0    200.0  7614.20  4282.20  1.00000
  601536  3465.60  7618.06  4283.73  40000.0    200.0  7618.06  4283.73  1.00000
  606349  3466.44  7621.99  4285.28  40000.0    200.0  7621.99  4285.28  1.00000
  611161  3467.31  7626.02  4286.83  40000.0    200.0  7626.02  4286.83  1.00000
  615973  3457.05  7582.42  4275.54  40000.0    200.0  7582.42  4275.54  1.00000
  620786  3458.55  7588.77  4277.29  40000.0    200.0  7588.77  4277.29  1.00000
  625598  3460.06  7595.13  4279.05  40000.0    200.0  7595.13  4279.05  1.00000
  630410  3461.56  7601.50  4280.80  40000.0    200.0  7601.50  4280.80  1.00000
  635222  3463.08  7607.89  4282.56  40000.0    200.0  7607.89  4282.56  1.00000
  640035  3452.70  7563.67  4271.22  40000.0    200.0  7563.67  4271.22  1.00000
  644847  3453.75  7568.43  4272.87  40000.0    200.0  7568.43  4272.87  1.00000
  649659  3454.79  7573.12  4274.52  40000.0    200.0  7573.12  4274.52  1.00000
  654472  3455.80  7577.74  4276.16  40000.0    200.0  7577.74  4276.16  1.00000
  659284  3456.80  7582.29  4277.80  40000.0    200.0  7582.29  4277.80  1.00000
  664096  3457.77  7586.78  4279.44  40000.0    200.0  7586.78  4279.44  1.00000
  668908  3449.28  7549.16  4268.55  40000.0    200.0  7549.16  4268.55  1.00000
  673721  3449.79  7551.93  4270.08  40000.0    200.0  7551.93  4270.08  1.00000
  678533  3450.29  7554.71  4271.61  40000.0    200.0  7554.71  4271.61  1.00000
  683345  3450.80  7557.50  4273.14  40000.0    200.0  7557.50  4273.14  1.00000
  688158  3451.30  7560.30  4274.68  40000.0    200.0  7560.30  4274.68  1.00000
  692970  3445.58  7532.63  4264.46  40000.0    200.0  7532.63  4264.46  1.00000
  697782  3446.08  7535.44  4266.00  40000.0    200.0  7535.44  4266.00  1.00000
  702594  3446.60  7538.26  4267.55  40000.0    200.0  7538.26  4267.55  1.00000
  707407  3447.11  7541.08  4269.10  40000.0    200.0  7541.08  4269.10  1.00000
  712219  3447.63  7543.90  4270.65  40000.0    200.0  7543.90  4270.65  1.00000
  717031  3441.86  7516.07  4260.38  40000.0    200.0  7516.07  4260.38  1.00000
  721844  3442.35  7518.80  4261.90  40000.0    200.0  7518.80  4261.90  1.00000
  726656  3442.84  7521.53  4263.42  40000.0    200.0  7521.53  4263.42  1.00000
  731468  3443.33  7524.27  4264.94  40000.0    200.0  7524.27  4264.94  1.00000
  736281  3443.81  7527.01  4266.47  40000.0    200.0  7527.01  4266.47  1.00000
  741093  3444.30  7529.74  4267.99  40000.0    200.0  7529.74  4267.99  1.00000
  745905  3438.63  7502.33  4257.87  40000.0    200.0  7502.33  4257.87  1.00000
  750717  3439.11  7505.04  4259.38  40000.0    200.0  7505.04  4259.38  1.00000
  755530  3439.58  7507.77  4260.90  40000.0    200.0  7507.77  4260.90  1.00000
  760342  3440.07  7510.49  4262.42  40000.0    200.0  7510.49  4262.42  1.00000
  765154  3440.55  7513.23  4263.95  40000.0    200.0  7513.23  4263.95  1.00000
  769967  3434.74  7484.53  4253.45  40000.0    200.0  7484.53  4253.45  1.00000
  774779  3435.25  7487.54  4255.07  40000.0    200.0  7487.54  4255.07  1.00000
  779591  3435.78  7490.56  4256.70  40000.0    200.0  7490.56  4256.70  1.00000
  784403  3436.30  7493.59  4258.33  40000.0    200.0  7493.59  4258.33  1.00000
  789216  3436.83  7496.64  4259.97  40000.0    200.0  7496.64  4259.97  1.00000
  794028  3430.93  7467.32  4249.30  40000.0    200.0  7467.32  4249.30  1.00000
  798840  3431.48  7470.47  4250.98  40000.0    200.0  7470.47  4250.98  1.00000
  803653  3432.02  7473.63  4252.65  40000.0    200.0  7473.63  4252.65  1.00000
  808465  3432.57  7476.80  4254.34  40000.0    200.0  7476.80  4254.34  1.00000
  813277  3433.11  7479.97  4256.02  40000.0    200.0  7479.97  4256.02  1.00000
  818089  3427.18  7450.51  4245.33  40000.0    200.0  7450.51  4245.33  1.00000
  822902  3427.73  7453.71  4247.02  40000.0    200.0  7453.71  4247.02  1.00000
  827714  3428.29  7456.91  4248.73  40000.0    200.0  7456.91  4248.73  1.00000
  832526  3428.84  7460.12  4250.43  40000.0    200.0  7460.12  4250.43  1.00000
  837339  3429.39  7463.34  4252.13  40000.0    200.0  7463.34  4252.13  1.00000
  842151  3429.95  7466.58  4253.85  40000.0    200.0  7466.58  4253.85  1.00000
  846963  3423.98  7436.91  4243.11  40000.0    200.0  7436.91  4243.11  1.00000
  851776  3424.53  7440.17  4244.82  40000.0    200.0  7440.17  4244.82  1.00000
  856588  3425.10  7443.42  4246.54  40000.0    200.0  7443.42  4246.54  1.00000
  861400  3425.67  7446.67  4248.26  40000.0    200.0  7446.67  4248.26  1.00000
  866212  3426.23  7449.93  4249.99  40000.0    200.0  7449.93  4249.99  1.00000
  871025  3420.21  7420.24  4239.22  40000.0    200.0  7420.24  4239.22  1.00000
  875837  3427.35  7456.40  4253.43  40000.0    200.0  7456.40  4253.43  1.00000
  880649  3427.91  7459.65  4255.15  40000.0    200.0  7459.65  4255.15  1.00000
  885462  3428.48  7462.90  4256.89  40000.0    200.0  7462.90  4256.89  1.00000
  890274  3429.04  7466.16  4258.62  40000.0    200.0  7466.16  4258.62  1.00000
  895086  3423.07  7436.79  4247.93  40000.0    200.0  7436.79  4247.93  1.00000
  899898  3423.64  7439.99  4249.67  40000.0    200.0  7439.99  4249.67  1.00000
  904711  3424.22  7443.20  4251.42  40000.0    200.0  7443.20  4251.42  1.00000
  909523  3424.78  7446.43  4253.16  40000.0    200.0  7446.43  4253.16  1.00000
  914335  3425.36  7449.66  4254.90  40000.0    200.0  7449.66  4254.90  1.00000
  919148  3419.35  7420.09  4244.17  40000.0    200.0  7420.09  4244.17  1.00000
  923960  3419.93  7423.36  4245.93  40000.0    200.0  7423.36  4245.93  1.00000
  928772  3420.50  7426.65  4247.69  40000.0    200.0  7426.65  4247.69  1.00000
  933584  3421.08  7429.94  4249.46  40000.0    200.0  7429.94  4249.46  1.00000
  938397  3421.67  7433.24  4251.22  40000.0    200.0  7433.24  4251.22  1.00000
  943209  3413.98  7396.03  4237.67  40000.0    200.0  7396.03  4237.67  1.00000
  948021  3414.44  7398.86  4239.25  40000.0    200.0  7398.86  4239.25  1.00000
  952834  3414.91  7401.72  4240.84  40000.0    200.0  7401.72  4240.84  1.00000
  957646  3415.38  7404.58  4242.42  40000.0    200.0  7404.58  4242.42  1.00000
  962458  3415.86  7407.45  4244.02  40000.0    200.0  7407.45  4244.02  1.00000
  967270  3402.55  7344.80  4220.95  40000.0    200.0  7344.80  4220.95  1.00000
  972083  3403.15  7348.34  4222.77  40000.0    200.0  7348.34  4222.77  1.00000
  976895  3403.75  7351.89  4224.60  40000.0    200.0  7351.89  4224.60  1.00000
  981707  3404.34  7355.45  4226.42  40000.0    200.0  7355.45  4226.42  1.00000
  986520  3404.94  7359.01  4228.26  40000.0    200.0  7359.01  4228.26  1.00000
  991332  3398.73  7327.58  4217.25  40000.0    200.0  7327.58  4217.25  1.00000
  996144  3399.34  7331.14  4219.10  40000.0    200.0  7331.14  4219.10  1.00000
 1000957  3399.94  7334.71  4220.94  40000.0    200.0  7334.71  4220.94  1.00000
 1005769  3400.55  7338.27  4222.79  40000.0    200.0  7338.27  4222.79  1.00000
 1010581  3401.16  7341.84  4224.64  40000.0    200.0  7341.84  4224.64  1.00000
 1015393  3394.89  7310.28  4213.58  40000.0    200.0  7310.28  4213.58  1.00000
 1020206  3395.50  7313.84  4215.43  40000.0    200.0  7313.84  4215.43  1.00000
 1025018  3396.12  7317.39  4217.30  40000.0    200.0  7317.39  4217.30  1.00000
 1029830  3396.74  7320.96  4219.16  40000.0    200.0  7320.96  4219.16  1.00000
 1034643  3397.36  7324.56  4221.04  40000.0    200.0  7324.56  4221.04  1.00000
 1039455  3391.03  7292.71  4209.91  40000.0    200.0  7292.71  4209.91  1.00000
 1044267  3391.65  7296.34  4211.80  40000.0    200.0  7296.34  4211.80  1.00000
 1049079  3392.28  7299.98  4213.68  40000.0    200.0  7299.98  4213.68  1.00000
 1053892  3392.91  7303.64  4215.57  40000.0    200.0  7303.64  4215.57  1.00000
 1058704  3386.52  7271.37  4204.38  40000.0    200.0  7271.37  4204.38  1.00000
 1063516  3387.16  7275.08  4206.28  40000.0    200.0  7275.08  4206.28  1.00000
 1068329  3387.79  7278.80  4208.18  40000.0    200.0  7278.80  4208.18  1.00000
 1073141  3388.43  7282.53  4210.09  40000.0    200.0  7282.53  4210.09  1.00000
 1077953  3389.06  7286.27  4212.00  40000.0    200.0  7286.27  4212.00  1.00000
 1082765  3382.62  7253.85  4200.76  40000.0    200.0  7253.85  4200.76  1.00000
 1087578  3383.27  7257.58  4202.67  40000.0    200.0  7257.58  4202.67  1.00000
 1092390  3383.91  7261.32  4204.60  40000.0    200.0  7261.32  4204.60  1.00000
 1097202  3384.56  7265.05  4206.52  40000.0    200.0  7265.05  4206.52  1.00000
 1102015  3385.21  7268.80  4208.45  40000.0    200.0  7268.80  4208.45  1.00000
 1106827  3378.70  7236.11  4197.15  40000.0    200.0  7236.11  4197.15  1.00000
 1111639  3379.36  7239.86  4199.09  40000.0    200.0  7239.86  4199.09  1.00000
 1116452  3380.01  7243.62  4201.02  40000.0    200.0  7243.62  4201.02  1.00000
 1121264  3380.67  7247.39  4202.97  40000.0    200.0  7247.39  4202.97  1.00000
 1126076  3381.33  7251.17  4204.91  40000.0    200.0  7251.17  4204.91  1.00000
 1130888  3374.76  7218.04  4193.55  40000.0    200.0  7218.04  4193.55  1.00000
 1135701  3375.42  7221.88  4195.50  40000.0    200.0  7221.88  4195.50  1.00000
 1140513  3376.09  7225.74  4197.47  40000.0    200.0  7225.74  4197.47  1.00000
 1145325  3376.76  7229.60  4199.44  40000.0    200.0  7229.60  4199.44  1.00000
 1150138  3377.43  7233.50  4201.42  40000.0    200.0  7233.50  4201.42  1.00000
 1154950  3370.77  7199.55  4189.73  40000.0    200.0  7199.55  4189.73  1.00000
 1159762  3371.44  7203.49  4191.71  40000.0    200.0  7203.49  4191.71  1.00000
 1164574  3372.12  7207.44  4193.70  40000.0    200.0  7207.44  4193.70  1.00000
 1169387  3372.80  7211.39  4195.69  40000.0    200.0  7211.39  4195.69  1.00000
 1174199  3366.08  7177.24  4184.10  40000.0    200.0  7177.24  4184.10  1.00000
 1179011  3366.77  7181.27  4186.11  40000.0    200.0  7181.27  4186.11  1.00000
 1183824  3367.46  7185.32  4188.12  40000.0    200.0  7185.32  4188.12  1.00000
 1188636  3368.15  7189.38  4190.14  40000.0    200.0  7189.38  4190.14  1.00000
 1193448  3368.83  7193.45  4192.16  40000.0    200.0  7193.45  4192.16  1.00000
 1198260  3362.07  7159.31  4180.55  40000.0    200.0  7159.31  4180.55  1.00000
 1203073  3362.76  7163.30  4182.58  40000.0    200.0  7163.30  4182.58  1.00000
 1207885  3363.46  7167.30  4184.61  40000.0    200.0  7167.30  4184.61  1.00000
 1212697  3364.16  7171.31  4186.64  40000.0    200.0  7171.31  4186.64  1.00000
 1217510  3364.86  7175.32  4188.67  40000.0    200.0  7175.32  4188.67  1.00000
 1222322  3358.04  7140.67  4176.99  40000.0    200.0  7140.67  4176.99  1.00000
 1227134  3366.25  7183.52  4192.71  40000.0    200.0  7183.52  4192.71  1.00000
 1231946  3366.94  7187.65  4194.74  40000.0    200.0  7187.65  4194.74  1.00000
 1236759  3367.64  7191.80  4196.77  40000.0    200.0  7191.80  4196.77  1.00000
 1241571  3360.89  7157.10  4185.22  40000.0    200.0  7157.10  4185.22  1.00000
 1246383  3361.59  7161.28  4187.26  40000.0    200.0  7161.28  4187.26  1.00000
 1251196  3362.30  7165.46  4189.31  40000.0    200.0  7165.46  4189.31  1.00000
 1256008  3363.01  7169.66  4191.35  40000.0    200.0  7169.66  4191.35  1.00000
 1260820  3363.71  7173.85  4193.41  40000.0    200.0  7173.85  4193.41  1.00000
 1265633  3356.88  7138.83  4181.79  40000.0    200.0  7138.83  4181.79  1.00000
 1270445  3357.59  7143.07  4183.86  40000.0    200.0  7143.07  4183.86  1.00000
 1275257  3358.31  7147.33  4185.92  40000.0    200.0  7147.33  4185.92  1.00000
 1280069  3359.03  7151.58  4188.00  40000.0    200.0  7151.58  4188.00  1.00000
 1284882  3351.92  7116.07  4177.42  40000.0    200.0  7116.07  4177.42  1.00000
 1289694  3352.68  7120.39  4179.33  40000.0    200.0  7120.39  4179.33  1.00000
 1294506  3353.45  7124.73  4181.19  40000.0    200.0  7124.73  4181.19  1.00000
 1299319  3354.22  7129.07  4183.03  40000.0    200.0  7129.07  4183.03  1.00000
 1304131  3355.01  7133.42  4184.82  40000.0    200.0  7133.42  4184.82  1.00000
 1308943  3347.18  7097.48  4178.01  40000.0    200.0  7097.48  4178.01  1.00000
 1313755  3348.13  7101.89  4178.84  40000.0    200.0  7101.89  4178.84  1.00000
 1318568  3349.09  7106.30  4179.66  40000.0    200.0  7106.30  4179.66  1.00000
 1323380  3350.06  7110.74  4180.49  40000.0    200.0  7110.74  4180.49  1.00000
 1328192  3343.33  7079.75  4174.65  40000.0    200.0  7079.75  4174.65  1.00000
 1333005  3343.02  7078.67  4174.83  40000.0    200.0  7078.67  4174.83  1.00000
 1337817  3343.92  7083.18  4176.09  40000.0    200.0  7083.18  4176.09  1.00000
 1342629  3344.83  7087.69  4177.39  40000.0    200.0  7087.69  4177.39  1.00000
 1347441  3354.18  7138.09  4196.24  40000.0    200.0  7138.09  4196.24  1.00000
 1352254  3340.65  7121.52  4182.66  40000.0    200.0  7121.52  4182.66  1.00000
 1357066  3364.24  7206.42  4230.10  40000.0    200.0  7206.42  4230.10  1.00000
 1361878  3361.87  7233.27  4236.77  40000.0    200.0  7233.27  4236.77  1.00000
 1366691  3380.71  7306.70  4277.17  40000.0    200.0  7306.70  4277.17  1.00000
 1371503  3365.04  7290.40  4260.83  40000.0    200.0  7290.40  4260.83  1.00000
 1376315  3371.63  7329.77  4281.45  40000.0    200.0  7329.77  4281.45  1.00000
 1381128  3382.26  7388.92  4308.64  40000.0    200.0  7388.92  4308.64  1.00000
 1385940  3387.24  7420.16  4326.39  40000.0    200.0  7420.16  4326.39  1.00000
 1390752  3394.52  7474.72  4344.77  40000.0    200.0  7474.72  4344.77  1.00000
 1395564  3388.45  7469.21  4339.19  40000.0    200.0  7469.21  4339.19  1.00000
 1400377  3397.89  7522.05  4364.02  40000.0    200.0  7522.05  4364.02  1.00000
 1405189  3402.07  7548.40  4379.59  40000.0    200.0  7548.40  4379.59  1.00000
 1410001  3411.99  7602.87  4404.71  40000.0    200.0  7602.87  4404.71  1.00000
 1414814  3411.02  7603.89  4410.96  40000.0    200.0  7603.89  4410.96  1.00000
 1419626  3419.29  7649.58  4432.25  40000.0    200.0  7649.58  4432.25  1.00000
 1424438  3454.91  7736.74  4490.39  40000.0    200.0  7736.74  4490.39  1.00000
 1429250  3440.61  7731.03  4478.01  40000.0    200.0  7731.03  4478.01  1.00000
 1434063  3466.90  7799.07  4521.26  40000.0    200.0  7799.07  4521.26  1.00000
 1438875  3440.84  7758.00  4491.18  40000.0    200.0  7758.00  4491.18  1.00000
 1438875  1074.41  1723.88     0.00  40000.0    200.0  1723.88     0.00  1.00000
 1439484  1074.09  1722.20     0.00  40000.0    200.0  1722.20     0.00  1.00000
 1440094  1073.77  1720.53     0.00  40000.0    200.0  1720.53     0.00  1.00000
 1440703  1073.44  1718.86     0.00  40000.0    200.0  1718.86     0.00  1.00000
 1441312  1073.13  1717.19     0.00  40000.0    200.0  1717.19     0.00  1.00000
 1441921  1072.80  1715.52     0.00  40000.0    200.0  1715.52     0.00  1.00000
 1442531  1072.47  1713.85     0.00  40000.0    200.0  1713.85     0.00  1.00000
 1443140  1072.15  1712.17     0.00  40000.0    200.0  1712.17     0.00  1.00000
 1443749  1071.82  1710.50     0.00  40000.0    200.0  1710.50     0.00  1.00000
 1444359  1071.50  1708.83     0.00  40000.0    200.0  1708.83     0.00  1.00000
 1444968  1071.18  1707.17     0.00  40000.0    200.0  1707.17     0.00  1.00000
 1445577  1070.85  1705.50     0.00  40000.0    200.0  1705.50     0.00  1.00000
 1446187  1070.52  1703.82     0.00  40000.0    200.0  1703.82     0.00  1.00000
 1446796  1070.20  1702.15     0.00  40000.0    200.0  1702.15     0.00  1.00000
 1447405  1069.87  1700.49     0.00  40000.0    200.0  1700.49     0.00  1.00000
 1448014  1069.54  1698.82     0.00  40000.0    200.0  1698.82     0.00  1.00000
 1448624  1069.22  1697.15     0.00  40000.0    200.0  1697.15     0.00  1.00000
 1449233  1068.89  1695.49     0.00  40000.0    200.0  1695.49     0.00  1.00000
 1449842  1068.56  1693.82     0.00  40000.0    200.0  1693.82     0.00  1.00000
 1450452  1068.23  1692.14     0.00  40000.0    200.0  1692.14     0.00  1.00000
 1451061  1067.90  1690.48     0.00  40000.0    200.0  1690.48     0.00  1.00000
 1451670  1067.57  1688.81     0.00  40000.0    200.0  1688.81     0.00  1.00000
 1452280  1067.24  1687.15     0.00  40000.0    200.0  1687.15     0.00  1.00000
 1452889  1066.91  1685.48     0.00  40000.0    200.0  1685.48     0.00  1.00000
 1453498  1066.58  1683.82     0.00  40000.0    200.0  1683.82     0.00  1.00000
 1454107  1066.25  1682.15     0.00  40000.0    200.0  1682.15     0.00  1.00000
 1454717  1065.92  1680.48     0.00  40000.0    200.0  1680.48     0.00  1.00000
 1455326  1065.59  1678.82     0.00  40000.0    200.0  1678.82     0.00  1.00000
 1455935  1065.25  1677.16     0.00  40000.0    200.0  1677.16     0.00  1.00000
 1456545  1064.93  1675.49     0.00  40000.0    200.0  1675.49     0.00  1.00000
 1457154  1064.59  1673.83     0.00  40000.0    200.0  1673.83     0.00  1.00000
 1457763  1064.25  1672.16     0.00  40000.0    200.0  1672.16     0.00  1.00000
 1458372  1063.92  1670.51     0.00  40000.0    200.0  1670.51     0.00  1.00000
 1458982  1063.59  1668.84     0.00  40000.0    200.0  1668.84     0.00  1.00000
 1459591  1063.25  1667.18     0.00  40000.0    200.0  1667.18     0.00  1.00000
 1460200  1062.92  1665.52     0.00  40000.0    200.0  1665.52     0.00  1.00000
 1460810  1062.59  1663.86     0.00  40000.0    200.0  1663.86     0.00  1.00000
 1461419  1062.25  1662.20     0.00  40000.0    200.0  1662.20     0.00  1.00000
 1462028  1061.91  1660.54     0.00  40000.0    200.0  1660.54     0.00  1.00000
 1462638  1061.58  1658.89     0.00  40000.0    200.0  1658.89     0.00  1.00000
 1463247  1061.24  1657.23     0.00  40000.0    200.0  1657.23     0.00  1.00000
 1463856  1060.90  1655.57     0.00  40000.0    200.0  1655.57     0.00  1.00000
 1464465  1060.57  1653.92     0.00  40000.0    200.0  1653.92     0.00  1.00000
 1465075  1060.23  1652.27     0.00  40000.0    200.0  1652.27     0.00  1.00000
 1465684  1059.90  1650.61     0.00  40000.0    200.0  1650.61     0.00  1.00000
 1466293  1059.56  1648.96     0.00  40000.0    200.0  1648.96     0.00  1.00000
 1466903  1059.21  1647.31     0.00  40000.0    200.0  1647.31     0.00  1.00000
 1467512  1058.87  1645.66     0.00  40000.0    200.0  1645.66     0.00  1.00000
 1468121  1058.54  1644.01     0.00  40000.0    200.0  1644.01     0.00  1.00000
 1468731  1058.20  1642.36     0.00  40000.0    200.0  1642.36     0.00  1.00000
 1469340  1057.86  1640.71     0.00  40000.0    200.0  1640.71     0.00  1.00000
 1469949  1057.52  1639.07     0.00  40000.0    200.0  1639.07     0.00  1.00000
 1470558  1057.18  1637.42     0.00  40000.0    200.0  1637.42     0.00  1.00000
 1471168  1056.84  1635.77     0.00  40000.0    200.0  1635.77     0.00  1.00000
 1471777  1056.49  1634.13     0.00  40000.0    200.0  1634.13     0.00  1.00000
 1472386  1056.15  1632.48     0.00  40000.0    200.0  1632.48     0.00  1.00000
 1472996  1055.81  1630.84     0.00  40000.0    200.0  1630.84     0.00  1.00000
 1473605  1055.47  1629.20     0.00  40000.0    200.0  1629.20     0.00  1.00000
 1474214  1055.12  1627.57     0.00  40000.0    200.0  1627.57     0.00  1.00000
 1474823  1054.78  1625.92     0.00  40000.0    200.0  1625.92     0.00  1.00000
 1475433  1054.44  1624.29     0.00  40000.0    200.0  1624.29     0.00  1.00000
 1476042  1054.10  1622.66     0.00  40000.0    200.0  1622.66     0.00  1.00000
 1476651  1053.74  1621.02     0.00  40000.0    200.0  1621.02     0.00  1.00000
 1477261  1053.40  1619.38     0.00  40000.0    200.0  1619.38     0.00  1.00000
 1477870  1053.06  1617.76     0.00  40000.0    200.0  1617.76     0.00  1.00000
 1478479  1052.71  1616.13     0.00  40000.0    200.0  1616.13     0.00  1.00000
 1479089  1052.37  1614.49     0.00  40000.0    200.0  1614.49     0.00  1.00000
 1479698  1052.02  1612.87     0.00  40000.0    200.0  1612.87     0.00  1.00000
 1480307  1051.68  1611.24     0.00  40000.0    200.0  1611.24     0.00  1.00000
 1480916  1051.33  1609.61     0.00  40000.0    200.0  1609.61     0.00  1.00000
 1481526  1050.98  1607.99     0.00  40000.0    200.0  1607.99     0.00  1.00000
 1482135  1050.63  1606.37     0.00  40000.0    200.0  1606.37     0.00  1.00000
 1482744  1050.28  1604.75     0.00  40000.0    200.0  1604.75     0.00  1.00000
 1483354  1049.93  1603.13     0.00  40000.0    200.0  1603.13     0.00  1.00000
 1483963  1049.58  1601.51     0.00  40000.0    200.0  1601.51     0.00  1.00000
 1484572  1049.24  1599.89     0.00  40000.0    200.0  1599.89     0.00  1.00000
 1485182  1048.89  1598.28     0.00  40000.0    200.0  1598.28     0.00  1.00000
 1485791  1048.54  1596.66     0.00  40000.0    200.0  1596.66     0.00  1.00000
 1486400  1048.19  1595.05     0.00  40000.0    200.0  1595.05     0.00  1.00000
 1487009  1047.83  1593.45     0.00  40000.0    200.0  1593.45     0.00  1.00000
 1487619  1047.48  1591.84     0.00  40000.0    200.0  1591.84     0.00  1.00000
 1488228  1047.13  1590.23     0.00  40000.0    200.0  1590.23     0.00  1.00000
 1488837  1046.78  1588.62     0.00  40000.0    200.0  1588.62     0.00  1.00000
 1489447  1046.42  1587.02     0.00  40000.0    200.0  1587.02     0.00  1.00000
 1490056  1046.07  1585.41     0.00  40000.0    200.0  1585.41     0.00  1.00000
 1490665  1045.72  1583.82     0.00  40000.0    200.0  1583.82     0.00  1.00000
 1491274  1045.37  1582.22     0.00  40000.0    200.0  1582.22     0.00  1.00000
 1491884  1045.01  1580.62     0.00  40000.0    200.0  1580.62     0.00  1.00000
 1492493  1044.65  1579.03     0.00  40000.0    200.0  1579.03     0.00  1.00000
 1493102  1044.30  1577.43     0.00  40000.0    200.0  1577.43     0.00  1.00000
 1493712  1043.94  1575.85     0.00  40000.0    200.0  1575.85     0.00  1.00000
 1494321  1043.59  1574.25     0.00  40000.0    200.0  1574.25     0.00  1.00000
 1494930  1043.23  1572.67     0.00  40000.0    200.0  1572.67     0.00  1.00000
 1495540  1042.88  1571.09     0.00  40000.0    200.0  1571.09     0.00  1.00000
 1496149  1042.52  1569.50     0.00  40000.0    200.0  1569.50     0.00  1.00000
 1496758  1042.17  1567.93     0.00  40000.0    200.0  1567.93     0.00  1.00000
 1497367  1041.80  1566.34     0.00  40000.0    200.0  1566.34     0.00  1.00000
 1497977  1041.44  1564.77     0.00  40000.0    200.0  1564.77     0.00  1.00000
 1498586  1041.09  1563.20     0.00  40000.0    200.0  1563.20     0.00  1.00000
 1499195  1040.73  1561.62     0.00  40000.0    200.0  1561.62     0.00  1.00000
 1499805  1040.37  1560.05     0.00  40000.0    200.0  1560.05     0.00  1.00000
 1500414  1040.01  1558.48     0.00  40000.0    200.0  1558.48     0.00  1.00000
 1501023  1039.65  1556.92     0.00  40000.0    200.0  1556.92     0.00  1.00000
 1501633  1039.29  1555.35     0.00  40000.0    200.0  1555.35     0.00  1.00000
 1502242  1038.92  1553.79     0.00  40000.0    200.0  1553.79     0.00  1.00000
 1502851  1038.57  1552.23     0.00  40000.0    200.0  1552.23     0.00  1.00000
 1503460  1038.20  1550.67     0.00  40000.0    200.0  1550.67     0.00  1.00000
 1504070  1037.84  1549.12     0.00  40000.0    200.0  1549.12     0.00  1.00000
 1504679  1037.48  1547.57     0.00  40000.0    200.0  1547.57     0.00  1.00000
 1505288  1037.12  1546.01     0.00  40000.0    200.0  1546.01     0.00  1.00000
 1505898  1036.75  1544.47     0.00  40000.0    200.0  1544.47     0.00  1.00000
 1506507  1036.39  1542.92     0.00  40000.0    200.0  1542.92     0.00  1.00000
 1507116  1036.02  1541.38     0.00  40000.0    200.0  1541.38     0.00  1.00000
 1507726  1035.66  1539.84     0.00  40000.0    200.0  1539.84     0.00  1.00000
 1508335  1035.30  1538.30     0.00  40000.0    200.0  1538.30     0.00  1.00000
 1508944  1034.93  1536.76     0.00  40000.0    200.0  1536.76     0.00  1.00000
 1509553  1034.57  1535.24     0.00  40000.0    200.0  1535.24     0.00  1.00000
 1510163  1034.20  1533.70     0.00  40000.0    200.0  1533.70     0.00  1.00000
 1510772  1033.84  1532.17     0.00  40000.0    200.0  1532.17     0.00  1.00000
 1511381  1033.46  1530.64     0.00  40000.0    200.0  1530.64     0.00  1.00000
 1511991  1033.10  1529.12     0.00  40000.0    200.0  1529.12     0.00  1.00000
 1512600  1032.73  1527.60     0.00  40000.0    200.0  1527.60     0.00  1.00000
 1513209  1032.36  1526.08     0.00  40000.0    200.0  1526.08     0.00  1.00000
 1513818  1031.99  1524.57     0.00  40000.0    200.0  1524.57     0.00  1.00000
 1514428  1031.62  1523.05     0.00  40000.0    200.0  1523.05     0.00  1.00000
 1515037  1031.26  1521.54     0.00  40000.0    200.0  1521.54     0.00  1.00000
 1515646  1030.88  1520.03     0.00  40000.0    200.0  1520.03     0.00  1.00000
 1516256  1030.52  1518.53     0.00  40000.0    200.0  1518.53     0.00  1.00000
 1516865  1030.14  1517.03     0.00  40000.0    200.0  1517.03     0.00  1.00000
 1517474  1029.78  1515.52     0.00  40000.0    200.0  1515.52     0.00  1.00000
 1518084  1029.40  1514.03     0.00  40000.0    200.0  1514.03     0.00  1.00000
 1518693  1029.03  1512.53     0.00  40000.0    200.0  1512.53     0.00  1.00000
 1519302  1028.66  1511.04     0.00  40000.0    200.0  1511.04     0.00  1.00000
 1519911  1028.29  1509.55     0.00  40000.0    200.0  1509.55     0.00  1.00000
 1520521  1027.92  1508.06     0.00  40000.0    200.0  1508.06     0.00  1.00000
 1521130  1027.54  1506.58     0.00  40000.0    200.0  1506.58     0.00  1.00000
 1521739  1027.17  1505.10     0.00  40000.0    200.0  1505.10     0.00  1.00000
 1522349  1026.79  1503.62     0.00  40000.0    200.0  1503.62     0.00  1.00000
 1522958  1026.42  1502.14     0.00  40000.0    200.0  1502.14     0.00  1.00000
 1523567  1026.04  1500.67     0.00  40000.0    200.0  1500.67     0.00  1.00000
 1524177  1025.67  1499.20     0.00  40000.0    200.0  1499.20     0.00  1.00000
 1524786  1025.29  1497.73     0.00  40000.0    200.0  1497.73     0.00  1.00000
 1525395  1024.92  1496.27     0.00  40000.0    200.0  1496.27     0.00  1.00000
 1526004  1024.54  1494.81     0.00  40000.0    200.0  1494.81     0.00  1.00000
 1526614  1024.16  1493.35     0.00  40000.0    200.0  1493.35     0.00  1.00000
 1527223  1023.79  1491.89     0.00  40000.0    200.0  1491.89     0.00  1.00000
 1527832  1023.41  1490.44     0.00  40000.0    200.0  1490.44     0.00  1.00000
 1528442  1023.03  1488.99     0.00  40000.0    200.0  1488.99     0.00  1.00000
 1529051  1022.65  1487.54     0.00  40000.0    200.0  1487.54     0.00  1.00000
 1529660  1022.27  1486.10     0.00  40000.0    200.0  1486.10     0.00  1.00000
 1530269  1021.89  1484.65     0.00  40000.0    200.0  1484.65     0.00  1.00000
 1530879  1021.51  1483.22     0.00  40000.0    200.0  1483.22     0.00  1.00000
 1531488  1021.14  1481.79     0.00  40000.0    200.0  1481.79     0.00  1.00000
 1532097  1020.75  1480.35     0.00  40000.0    200.0  1480.35     0.00  1.00000
 1532707  1020.37  1478.92     0.00  40000.0    200.0  1478.92     0.00  1.00000
 1533316  1019.99  1477.50     0.00  40000.0    200.0  1477.50     0.00  1.00000
 1533925  1019.61  1476.07     0.00  40000.0    200.0  1476.07     0.00  1.00000
 1534535  1019.23  1474.65     0.00  40000.0    200.0  1474.65     0.00  1.00000
 1535144  1018.84  1473.24     0.00  40000.0    200.0  1473.24     0.00  1.00000
 1535753  1018.46  1471.82     0.00  40000.0    200.0  1471.82     0.00  1.00000
 1536362  1018.08  1470.41     0.00  40000.0    200.0  1470.41     0.00  1.00000
 1536972  1017.70  1469.00     0.00  40000.0    200.0  1469.00     0.00  1.00000
 1537581  1017.31  1467.59     0.00  40000.0    200.0  1467.59     0.00  1.00000
 1538190  1016.93  1466.19     0.00  40000.0    200.0  1466.19     0.00  1.00000
 1538800  1016.54  1464.79     0.00  40000.0    200.0  1464.79     0.00  1.00000
 1539409  1016.16  1463.40     0.00  40000.0    200.0  1463.40     0.00  1.00000
 1540018  1015.77  1462.00     0.00  40000.0    200.0  1462.00     0.00  1.00000
 1540628  1015.38  1460.61     0.00  40000.0    200.0  1460.61     0.00  1.00000
 1541237  1015.00  1459.22     0.00  40000.0    200.0  1459.22     0.00  1.00000
 1541846  1014.61  1457.84     0.00  40000.0    200.0  1457.84     0.00  1.00000
 1542455  1014.22  1456.45     0.00  40000.0    200.0  1456.45     0.00  1.00000
 1543065  1013.84  1455.07     0.00  40000.0    200.0  1455.07     0.00  1.00000
 1543674  1013.45  1453.70     0.00  40000.0    200.0  1453.70     0.00  1.00000
 1544283  1013.06  1452.32     0.00  40000.0    200.0  1452.32     0.00  1.00000
 1544893  1012.67  1450.96     0.00  40000.0    200.0  1450.96     0.00  1.00000
 1545502  1012.28  1449.60     0.00  40000.0    200.0  1449.60     0.00  1.00000
 1546111  1011.89  1448.23     0.00  40000.0    200.0  1448.23     0.00  1.00000
 1546720  1011.50  1446.87     0.00  40000.0    200.0  1446.87     0.00  1.00000
 1547330  1011.11  1445.51     0.00  40000.0    200.0  1445.51     0.00  1.00000
 1547939  1010.72  1444.15     0.00  40000.0    200.0  1444.15     0.00  1.00000
 1548548  1010.33  1442.80     0.00  40000.0    200.0  1442.80     0.00  1.00000
 1549158  1009.94  1441.45     0.00  40000.0    200.0  1441.45     0.00  1.00000
 1549767  1009.54  1440.11     0.00  40000.0    200.0  1440.11     0.00  1.00000
 1550376  1009.15  1438.76     0.00  40000.0    200.0  1438.76     0.00  1.00000
 1550986  1008.76  1437.42     0.00  40000.0    200.0  1437.42     0.00  1.00000
 1551595  1008.37  1436.09     0.00  40000.0    200.0  1436.09     0.00  1.00000
 1552204  1007.97  1434.75     0.00  40000.0    200.0  1434.75     0.00  1.00000
 1552813  1007.58  1433.42     0.00  40000.0    200.0  1433.42     0.00  1.00000
 1553423  1007.18  1432.10     0.00  40000.0    200.0  1432.10     0.00  1.00000
 1554032  1006.79  1430.77     0.00  40000.0    200.0  1430.77     0.00  1.00000
 1554641  1006.39  1429.44     0.00  40000.0    200.0  1429.44     0.00  1.00000
 1555251  1006.00  1428.13     0.00  40000.0    200.0  1428.13     0.00  1.00000
 1555860  1005.60  1426.81     0.00  40000.0    200.0  1426.81     0.00  1.00000
 1556469  1005.21  1425.50     0.00  40000.0    200.0  1425.50     0.00  1.00000
 1557079  1004.81  1424.19     0.00  40000.0    200.0  1424.19     0.00  1.00000
 1557688  1004.41  1422.88     0.00  40000.0    200.0  1422.88     0.00  1.00000
 1558297  1004.01  1421.58     0.00  40000.0    200.0  1421.58     0.00  1.00000
 1558906  1003.61  1420.27     0.00  40000.0    200.0  1420.27     0.00  1.00000
 1559516  1003.22  1418.98     0.00  40000.0    200.0  1418.98     0.00  1.00000
 1560125  1002.82  1417.67     0.00  40000.0    200.0  1417.67     0.00  1.00000
 1560125   918.43  3837.93  1950.51  40000.0    200.0  3837.93  1950.51  1.00000
 1560141   918.55  3839.97  1951.55  40000.0    200.0  3839.97  1951.55  1.00000
 1560158   918.67  3842.00  1952.58  40000.0    200.0  3842.00  1952.58  1.00000
 1560174   918.78  3844.02  1953.61  40000.0    200.0  3844.02  1953.61  1.00000
 1560190   918.89  3846.01  1954.62  40000.0    200.0  3846.01  1954.62  1.00000
 1560207   919.01  3847.99  1955.63  40000.0    200.0  3847.99  1955.63  1.00000
 1560223   919.12  3849.94  1956.62  40000.0    200.0  3849.94  1956.62  1.00000
 1560239   919.23  3851.86  1957.60  40000.0    200.0  3851.86  1957.60  1.00000
 1560255   919.34  3853.76  1958.56  40000.0    200.0  3853.76  1958.56  1.00000
 1560272   919.44  3855.62  1959.50  40000.0    200.0  3855.62  1959.50  1.00000
 1560288   919.55  3857.44  1960.43  40000.0    200.0  3857.44  1960.43  1.00000
 1560304   919.65  3859.22  1961.34  40000.0    200.0  3859.22  1961.34  1.00000
 1560321   919.75  3860.96  1962.22  40000.0    200.0  3860.96  1962.22  1.00000
 1560337   919.84  3862.65  1963.08  40000.0    200.0  3862.65  1963.08  1.00000
 1560353   919.94  3864.30  1963.92  40000.0    200.0  3864.30  1963.92  1.00000
 1560370   920.03  3865.89  1964.73  40000.0    200.0  3865.89  1964.73  1.00000
 1560386   920.11  3867.43  1965.51  40000.0    200.0  3867.43  1965.51  1.00000
 1560402   920.20  3868.90  1966.26  40000.0    200.0  3868.90  1966.26  1.00000
 1560418   920.28  3870.32  1966.98  40000.0    200.0  3870.32  1966.98  1.00000
 1560435   920.35  3871.67  1967.67  40000.0    200.0  3871.67  1967.67  1.00000
 1560451   920.43  3872.96  1968.32  40000.0    200.0  3872.96  1968.32  1.00000
 1560467   920.49  3874.17  1968.94  40000.0    200.0  3874.17  1968.94  1.00000
 1560484   920.56  3875.32  1969.52  40000.0    200.0  3875.32  1969.52  1.00000
 1560500   920.62  3876.38  1970.06  40000.0    200.0  3876.38  1970.06  1.00000
 1560516   920.67  3877.37  1970.56  40000.0    200.0  3877.37  1970.56  1.00000
 1560533   920.72  3878.30  1971.04  40000.0    200.0  3878.30  1971.04  1.00000
 1560549   920.77  3879.18  1971.48  40000.0    200.0  3879.18  1971.48  1.00000
 1560565   920.82  3880.01  1971.90  40000.0    200.0  3880.01  1971.90  1.00000
 1560582   920.86  3880.80  1972.30  40000.0    200.0  3880.80  1972.30  1.00000
 1560598   920.90  3881.55  1972.69  40000.0    200.0  3881.55  1972.69  1.00000
 1560614   920.94  3882.28  1973.06  40000.0    200.0  3882.28  1973.06  1.00000
 1560630   920.98  3882.99  1973.42  40000.0    200.0  3882.99  1973.42  1.00000
 1560647   921.02  3883.69  1973.77  40000.0    200.0  3883.69  1973.77  1.00000
 1560663   921.06  3884.38  1974.12  40000.0    200.0  3884.38  1974.12  1.00000
 1560679   921.10  3885.07  1974.47  40000.0    200.0  3885.07  1974.47  1.00000
 1560696   921.13  3885.77  1974.83  40000.0    200.0  3885.77  1974.83  1.00000
 1560712   921.17  3886.48  1975.19  40000.0    200.0  3886.48  1975.19  1.00000
 1560728   921.21  3887.22  1975.57  40000.0    200.0  3887.22  1975.57  1.00000
 1560745   921.26  3887.99  1975.96  40000.0    200.0  3887.99  1975.96  1.00000
 1560761   921.30  3888.78  1976.36  40000.0    200.0  3888.78  1976.36  1.00000
 1560777   921.34  3889.58  1976.77  40000.0    200.0  3889.58  1976.77  1.00000
 1560793   921.39  3890.38  1977.17  40000.0    200.0  3890.38  1977.17  1.00000
 1560810   921.43  3891.18  1977.58  40000.0    200.0  3891.18  1977.58  1.00000
 1560826   921.47  3891.99  1977.99  40000.0    200.0  3891.99  1977.99  1.00000
 1560842   921.52  3892.80  1978.40  40000.0    200.0  3892.80  1978.40  1.00000
 1560859   921.56  3893.62  1978.82  40000.0    200.0  3893.62  1978.82  1.00000
 1560875   921.61  3894.43  1979.23  40000.0    200.0  3894.43  1979.23  1.00000
 1560891   921.65  3895.25  1979.65  40000.0    200.0  3895.25  1979.65  1.00000
 1560908   921.70  3896.07  1980.06  40000.0    200.0  3896.07  1980.06  1.00000
 1560924   921.74  3896.89  1980.48  40000.0    200.0  3896.89  1980.48  1.00000
 1560940   921.79  3897.72  1980.90  40000.0    200.0  3897.72  1980.90  1.00000
 1560957   921.83  3898.55  1981.32  40000.0    200.0  3898.55  1981.32  1.00000
 1560973   921.88  3899.38  1981.74  40000.0    200.0  3899.38  1981.74  1.00000
 1560989   921.92  3900.21  1982.17  40000.0    200.0  3900.21  1982.17  1.00000
 1561005   921.97  3901.05  1982.59  40000.0    200.0  3901.05  1982.59  1.00000
 1561022   922.01  3901.89  1983.02  40000.0    200.0  3901.89  1983.02  1.00000
 1561038   922.06  3902.73  1983.44  40000.0    200.0  3902.73  1983.44  1.00000
 1561054   922.10  3903.57  1983.87  40000.0    200.0  3903.57  1983.87  1.00000
 1561071   922.15  3904.42  1984.30  40000.0    200.0  3904.42  1984.30  1.00000
 1561087   922.19  3905.27  1984.74  40000.0    200.0  3905.27  1984.74  1.00000
 1561103   922.24  3906.12  1985.17  40000.0    200.0  3906.12  1985.17  1.00000
 1561120   922.29  3906.97  1985.60  40000.0    200.0  3906.97  1985.60  1.00000
 1561136   922.33  3907.83  1986.04  40000.0    200.0  3907.83  1986.04  1.00000
 1561152   922.38  3908.69  1986.47  40000.0    200.0  3908.69  1986.47  1.00000
 1561168   922.42  3909.55  1986.91  40000.0    200.0  3909.55  1986.91  1.00000
 1561185   922.47  3910.41  1987.35  40000.0    200.0  3910.41  1987.35  1.00000
 1561201   922.52  3911.28  1987.79  40000.0    200.0  3911.28  1987.79  1.00000
 1561217   922.56  3912.15  1988.23  40000.0    200.0  3912.15  1988.23  1.00000
 1561234   922.61  3913.02  1988.68  40000.0    200.0  3913.02  1988.68  1.00000
 1561250   922.66  3913.89  1989.12  40000.0    200.0  3913.89  1989.12  1.00000
 1561266   922.70  3914.77  1989.56  40000.0    200.0  3914.77  1989.56  1.00000
 1561283   922.75  3915.64  1990.01  40000.0    200.0  3915.64  1990.01  1.00000
 1561299   922.80  3916.53  1990.46  40000.0    200.0  3916.53  1990.46  1.00000
 1561315   922.84  3917.41  1990.91  40000.0    200.0  3917.41  1990.91  1.00000
 1561332   922.89  3918.30  1991.36  40000.0    200.0  3918.30  1991.36  1.00000
 1561348   922.94  3919.19  1991.81  40000.0    200.0  3919.19  1991.81  1.00000
 1561364   922.99  3920.08  1992.26  40000.0    200.0  3920.08  1992.26  1.00000
 1561380   923.03  3920.97  1992.72  40000.0    200.0  3920.97  1992.72  1.00000
 1561397   923.08  3921.87  1993.17  40000.0    200.0  3921.87  1993.17  1.00000
 1561413   923.13  3922.77  1993.63  40000.0    200.0  3922.77  1993.63  1.00000
 1561429   923.18  3923.67  1994.09  40000.0    200.0  3923.67  1994.09  1.00000
 1561446   923.23  3924.57  1994.54  40000.0    200.0  3924.57  1994.54  1.00000
 1561462   923.27  3925.47  1995.00  40000.0    200.0  3925.47  1995.00  1.00000
 1561478   923.32  3926.38  1995.46  40000.0    200.0  3926.38  1995.46  1.00000
 1561495   923.37  3927.29  1995.93  40000.0    200.0  3927.29  1995.93  1.00000
 1561511   923.42  3928.20  1996.39  40000.0    200.0  3928.20  1996.39  1.00000
 1561527   923.47  3929.11  1996.85  40000.0    200.0  3929.11  1996.85  1.00000
 1561543   923.51  3930.02  1997.32  40000.0    200.0  3930.02  1997.32  1.00000
 1561560   923.56  3930.94  1997.78  40000.0    200.0  3930.94  1997.78  1.00000
 1561576   923.61  3931.86  1998.25  40000.0    200.0  3931.86  1998.25  1.00000
 1561592   923.66  3932.78  1998.72  40000.0    200.0  3932.78  1998.72  1.00000
 1561609   923.71  3933.71  1999.19  40000.0    200.0  3933.71  1999.19  1.00000
 1561625   923.76  3934.63  1999.66  40000.0    200.0  3934.63  1999.66  1.00000
 1561641   923.80  3935.56  2000.13  40000.0    200.0  3935.56  2000.13  1.00000
 1561658   923.85  3936.49  2000.60  40000.0    200.0  3936.49  2000.60  1.00000
 1561674   923.90  3937.42  2001.08  40000.0    200.0  3937.42  2001.08  1.00000
 1561690   923.95  3938.35  2001.55  40000.0    200.0  3938.35  2001.55  1.00000
 1561707   924.00  3939.29  2002.03  40000.0    200.0  3939.29  2002.03  1.00000
 1561723   924.05  3940.23  2002.50  40000.0    200.0  3940.23  2002.50  1.00000
 1561739   924.10  3941.16  2002.98  40000.0    200.0  3941.16  2002.98  1.00000
 1561755   924.15  3942.10  2003.46  40000.0    200.0  3942.10  2003.46  1.00000
 1561772   924.20  3943.05  2003.94  40000.0    200.0  3943.05  2003.94  1.00000
 1561788   924.25  3943.99  2004.42  40000.0    200.0  3943.99  2004.42  1.00000
 1561804   924.29  3944.94  2004.90  40000.0    200.0  3944.94  2004.90  1.00000
 1561821   924.34  3945.88  2005.38  40000.0    200.0  3945.88  2005.38  1.00000
 1561837   924.39  3946.83  2005.86  40000.0    200.0  3946.83  2005.86  1.00000
 1561853   924.44  3947.79  2006.35  40000.0    200.0  3947.79  2006.35  1.00000
 1561870   924.49  3948.74  2006.83  40000.0    200.0  3948.74  2006.83  1.00000
 1561886   924.54  3949.70  2007.32  40000.0    200.0  3949.70  2007.32  1.00000
 1561902   924.59  3950.65  2007.80  40000.0    200.0  3950.65  2007.80  1.00000
 1561918   924.64  3951.61  2008.29  40000.0    200.0  3951.61  2008.29  1.00000
 1561935   924.69  3952.57  2008.78  40000.0    200.0  3952.57  2008.78  1.00000
 1561951   924.74  3953.54  2009.27  40000.0    200.0  3953.54  2009.27  1.00000
 1561967   924.79  3954.50  2009.76  40000.0    200.0  3954.50  2009.76  1.00000
 1561984   924.84  3955.46  2010.25  40000.0    200.0  3955.46  2010.25  1.00000
 1562000   924.89  3956.43  2010.74  40000.0    200.0  3956.43  2010.74  1.00000
 1562016   924.94  3957.40  2011.23  40000.0    200.0  3957.40  2011.23  1.00000
 1562033   924.99  3958.37  2011.72  40000.0    200.0  3958.37  2011.72  1.00000
 1562049   925.04  3959.34  2012.22  40000.0    200.0  3959.34  2012.22  1.00000
 1562065   925.09  3960.31  2012.71  40000.0    200.0  3960.31  2012.71  1.00000
 1562082   925.14  3961.29  2013.21  40000.0    200.0  3961.29  2013.21  1.00000
 1562098   925.19  3962.26  2013.71  40000.0    200.0  3962.26  2013.71  1.00000
 1562114   925.24  3963.24  2014.20  40000.0    200.0  3963.24  2014.20  1.00000
 1562130   925.29  3964.22  2014.70  40000.0    200.0  3964.22  2014.70  1.00000
 1562147   925.34  3965.20  2015.20  40000.0    200.0  3965.20  2015.20  1.00000
 1562163   925.39  3966.18  2015.70  40000.0    200.0  3966.18  2015.70  1.00000
 1562179   925.44  3967.17  2016.20  40000.0    200.0  3967.17  2016.20  1.00000
 1562196   925.49  3968.15  2016.70  40000.0    200.0  3968.15  2016.70  1.00000
 1562212   925.54  3969.14  2017.20  40000.0    200.0  3969.14  2017.20  1.00000
 1562228   925.59  3970.12  2017.70  40000.0    200.0  3970.12  2017.70  1.00000
 1562245   925.64  3971.11  2018.20  40000.0    200.0  3971.11  2018.20  1.00000
 1562261   925.69  3972.10  2018.70  40000.0    200.0  3972.10  2018.70  1.00000
 1562277   925.74  3973.09  2019.21  40000.0    200.0  3973.09  2019.21  1.00000
 1562293   925.79  3974.08  2019.71  40000.0    200.0  3974.08  2019.71  1.00000
 1562310   925.84  3975.07  2020.21  40000.0    200.0  3975.07  2020.21  1.00000
 1562326   925.89  3976.07  2020.72  40000.0    200.0  3976.07  2020.72  1.00000
 1562342   925.94  3977.06  2021.22  40000.0    200.0  3977.06  2021.22  1.00000
 1562359   925.99  3978.06  2021.73  40000.0    200.0  3978.06  2021.73  1.00000
 1562375   926.04  3979.05  2022.24  40000.0    200.0  3979.05  2022.24  1.00000
 1562391   926.09  3980.05  2022.74  40000.0    200.0  3980.05  2022.74  1.00000
 1562408   926.14  3981.05  2023.25  40000.0    200.0  3981.05  2023.25  1.00000
 1562424   926.20  3982.05  2023.76  40000.0    200.0  3982.05  2023.76  1.00000
 1562440   926.25  3983.05  2024.27  40000.0    200.0  3983.05  2024.27  1.00000
 1562457   926.30  3984.05  2024.77  40000.0    200.0  3984.05  2024.77  1.00000
 1562473   926.35  3985.05  2025.28  40000.0    200.0  3985.05  2025.28  1.00000
 1562489   926.40  3986.05  2025.79  40000.0    200.0  3986.05  2025.79  1.00000
 1562505   926.45  3987.05  2026.30  40000.0    200.0  3987.05  2026.30  1.00000
 1562522   926.50  3988.06  2026.81  40000.0    200.0  3988.06  2026.81  1.00000
 1562538   926.55  3989.06  2027.32  40000.0    200.0  3989.06  2027.32  1.00000
 1562554   926.60  3990.06  2027.83  40000.0    200.0  3990.06  2027.83  1.00000
 1562571   926.65  3991.07  2028.34  40000.0    200.0  3991.07  2028.34  1.00000
 1562587   926.70  3992.08  2028.85  40000.0    200.0  3992.08  2028.85  1.00000
 1562603   926.75  3993.08  2029.37  40000.0    200.0  3993.08  2029.37  1.00000
 1562620   926.80  3994.09  2029.88  40000.0    200.0  3994.09  2029.88  1.00000
 1562636   926.85  3995.10  2030.39  40000.0    200.0  3995.10  2030.39  1.00000
 1562652   926.90  3996.10  2030.90  40000.0    200.0  3996.10  2030.90  1.00000
 1562668   926.95  3997.11  2031.42  40000.0    200.0  3997.11  2031.42  1.00000
 1562685   927.00  3998.12  2031.93  40000.0    200.0  3998.12  2031.93  1.00000
 1562701   927.05  3999.13  2032.44  40000.0    200.0  3999.13  2032.44  1.00000
 1562717   927.10  4000.14  2032.96  40000.0    200.0  4000.14  2032.96  1.00000
 1562734   927.15  4001.14  2033.47  40000.0    200.0  4001.14  2033.47  1.00000
 1562750   927.20  4002.15  2033.98  40000.0    200.0  4002.15  2033.98  1.00000
 1562766   927.25  4003.16  2034.49  40000.0    200.0  4003.16  2034.49  1.00000
 1562783   927.30  4004.17  2035.00  40000.0    200.0  4004.17  2035.00  1.00000
 1562799   927.35  4005.17  2035.52  40000.0    200.0  4005.17  2035.52  1.00000
 1562815   927.40  4006.18  2036.03  40000.0    200.0  4006.18  2036.03  1.00000
 1562832   927.45  4007.19  2036.54  40000.0    200.0  4007.19  2036.54  1.00000
 1562848   927.50  4008.20  2037.05  40000.0    200.0  4008.20  2037.05  1.00000
 1562864   927.55  4009.21  2037.57  40000.0    200.0  4009.21  2037.57  1.00000
 1562880   927.60  4010.22  2038.08  40000.0    200.0  4010.22  2038.08  1.00000
 1562897   927.65  4011.23  2038.59  40000.0    200.0  4011.23  2038.59  1.00000
 1562913   927.70  4012.23  2039.10  40000.0    200.0  4012.23  2039.10  1.00000
 1562929   927.74  4013.24  2039.62  40000.0    200.0  4013.24  2039.62  1.00000
 1562946   927.79  4014.25  2040.13  40000.0    200.0  4014.25  2040.13  1.00000
 1562962   927.84  4015.25  2040.64  40000.0    200.0  4015.25  2040.64  1.00000
 1562978   927.89  4016.26  2041.15  40000.0    200.0  4016.26  2041.15  1.00000
 1562995   927.94  4017.27  2041.66  40000.0    200.0  4017.27  2041.66  1.00000
 1563011   927.99  4018.27  2042.17  40000.0    200.0  4018.27  2042.17  1.00000
 1563027   928.04  4019.27  2042.68  40000.0    200.0  4019.27  2042.68  1.00000
 1563043   928.09  4020.28  2043.19  40000.0    200.0  4020.28  2043.19  1.00000
 1563060   928.14  4021.28  2043.70  40000.0    200.0  4021.28  2043.70  1.00000
 1563076   928.19  4022.29  2044.21  40000.0    200.0  4022.29  2044.21  1.00000
 1563092   928.23  4023.29  2044.72  40000.0    200.0  4023.29  2044.72  1.00000
 1563109   928.28  4024.29  2045.23  40000.0    200.0  4024.29  2045.23  1.00000
 1563125   928.33  4025.29  2045.74  40000.0    200.0  4025.29  2045.74  1.00000
 1563141   928.38  4026.30  2046.25  40000.0    200.0  4026.30  2046.25  1.00000
 1563158   928.43  4027.30  2046.76  40000.0    200.0  4027.30  2046.76  1.00000
 1563174   928.48  4028.29  2047.27  40000.0    200.0  4028.29  2047.27  1.00000
 1563190   928.53  4029.29  2047.78  40000.0    200.0  4029.29  2047.78  1.00000
 1563207   928.57  4030.29  2048.28  40000.0    200.0  4030.29  2048.28  1.00000
 1563223   928.62  4031.28  2048.79  40000.0    200.0  4031.28  2048.79  1.00000
 1563239   928.67  4032.28  2049.29  40000.0    200.0  4032.28  2049.29  1.00000
 1563255   928.72  4033.27  2049.80  40000.0    200.0  4033.27  2049.80  1.00000
 1563272   928.76  4034.26  2050.30  40000.0    200.0  4034.26  2050.30  1.00000
 1563288   928.81  4035.25  2050.80  40000.0    200.0  4035.25  2050.80  1.00000
 1563304   928.86  4036.24  2051.31  40000.0    200.0  4036.24  2051.31  1.00000
 1563321   928.91  4037.23  2051.81  40000.0    200.0  4037.23  2051.81  1.00000
 1563337   928.95  4038.22  2052.31  40000.0    200.0  4038.22  2052.31  1.00000
 1563353   929.00  4039.21  2052.81  40000.0    200.0  4039.21  2052.81  1.00000
 1563370   929.05  4040.19  2053.31  40000.0    200.0  4040.19  2053.31  1.00000
 1563386   929.10  4041.18  2053.81  40000.0    200.0  4041.18  2053.81  1.00000
 1563402   929.14  4042.16  2054.31  40000.0    200.0  4042.16  2054.31  1.00000
 1563418   929.19  4043.14  2054.81  40000.0    200.0  4043.14  2054.81  1.00000
 1563435   929.24  4044.12  2055.30  40000.0    200.0  4044.12  2055.30  1.00000
 1563451   929.28  4045.10  2055.80  40000.0    200.0  4045.10  2055.80  1.00000
 1563467   929.33  4046.07  2056.29  40000.0    200.0  4046.07  2056.29  1.00000
 1563484   929.37  4047.04  2056.79  40000.0    200.0  4047.04  2056.79  1.00000
 1563500   929.42  4048.01  2057.28  40000.0    200.0  4048.01  2057.28  1.00000
 1563516   929.47  4048.98  2057.77  40000.0    200.0  4048.98  2057.77  1.00000
 1563533   929.51  4049.94  2058.26  40000.0    200.0  4049.94  2058.26  1.00000
 1563549   929.56  4050.91  2058.75  40000.0    200.0  4050.91  2058.75  1.00000
 1563565   929.60  4051.87  2059.24  40000.0    200.0  4051.87  2059.24  1.00000
 1563582   929.65  4052.83  2059.73  40000.0    200.0  4052.83  2059.73  1.00000
 1563598   929.69  4053.79  2060.22  40000.0    200.0  4053.79  2060.22  1.00000
 1563614   929.74  4054.74  2060.71  40000.0    200.0  4054.74  2060.71  1.00000
 1563630   929.78  4055.70  2061.19  40000.0    200.0  4055.70  2061.19  1.00000
 1563647   929.83  4056.65  2061.68  40000.0    200.0  4056.65  2061.68  1.00000
 1563663   929.87  4057.60  2062.16  40000.0    200.0  4057.60  2062.16  1.00000
 1563679   929.92  4058.54  2062.64  40000.0    200.0  4058.54  2062.64  1.00000
 1563696   929.96  4059.49  2063.12  40000.0    200.0  4059.49  2063.12  1.00000
 1563712   930.00  4060.43  2063.60  40000.0    200.0  4060.43  2063.60  1.00000
 1563728   930.05  4061.37  2064.08  40000.0    200.0  4061.37  2064.08  1.00000
 1563745   930.09  4062.30  2064.55  40000.0    200.0  4062.30  2064.55  1.00000
 1563761   930.13  4063.23  2065.03  40000.0    200.0  4063.23  2065.03  1.00000
 1563777   930.18  4064.16  2065.50  40000.0    200.0  4064.16  2065.50  1.00000
 1563793   930.22  4065.09  2065.97  40000.0    200.0  4065.09  2065.97  1.00000
 1563810   930.26  4066.01  2066.44  40000.0    200.0  4066.01  2066.44  1.00000
 1563826   930.31  4066.93  2066.91  40000.0    200.0  4066.93  2066.91  1.00000
 1563842   930.35  4067.85  2067.38  40000.0    200.0  4067.85  2067.38  1.00000
 1563859   930.39  4068.77  2067.84  40000.0    200.0  4068.77  2067.84  1.00000
 1563875   930.43  4069.69  2068.31  40000.0    200.0  4069.69  2068.31  1.00000
 1563891   930.47  4070.60  2068.77  40000.0    200.0  4070.60  2068.77  1.00000
 1563908   930.52  4071.51  2069.23  40000.0    200.0  4071.51  2069.23  1.00000
 1563924   930.56  4072.41  2069.69  40000.0    200.0  4072.41  2069.69  1.00000
 1563940   930.60  4073.31  2070.15  40000.0    200.0  4073.31  2070.15  1.00000
 1563957   930.64  4074.21  2070.61  40000.0    200.0  4074.21  2070.61  1.00000
 1563973   930.68  4075.10  2071.06  40000.0    200.0  4075.10  2071.06  1.00000
 1563989   930.72  4075.99  2071.51  40000.0    200.0  4075.99  2071.51  1.00000
 1564005   930.76  4076.87  2071.96  40000.0    200.0  4076.87  2071.96  1.00000
 1564022   930.80  4077.76  2072.41  40000.0    200.0  4077.76  2072.41  1.00000
 1564038   930.84  4078.63  2072.85  40000.0    200.0  4078.63  2072.85  1.00000
 1564054   930.88  4079.51  2073.30  40000.0    200.0  4079.51  2073.30  1.00000
 1564071   930.92  4080.38  2073.74  40000.0    200.0  4080.38  2073.74  1.00000
 1564087   930.96  4081.25  2074.18  40000.0    200.0  4081.25  2074.18  1.00000
 1564103   931.00  4082.12  2074.62  40000.0    200.0  4082.12  2074.62  1.00000
 1564120   931.04  4082.98  2075.06  40000.0    200.0  4082.98  2075.06  1.00000
 1564136   931.08  4083.84  2075.49  40000.0    200.0  4083.84  2075.49  1.00000
 1564152   931.11  4084.69  2075.93  40000.0    200.0  4084.69  2075.93  1.00000
 1564168   931.15  4085.54  2076.36  40000.0    200.0  4085.54  2076.36  1.00000
 1564185   931.19  4086.39  2076.79  40000.0    200.0  4086.39  2076.79  1.00000
 1564201   931.23  4087.23  2077.21  40000.0    200.0  4087.23  2077.21  1.00000
 1564217   931.26  4088.06  2077.64  40000.0    200.0  4088.06  2077.64  1.00000
 1564234   931.30  4088.90  2078.06  40000.0    200.0  4088.90  2078.06  1.00000
 1564250   931.34  4089.72  2078.48  40000.0    200.0  4089.72  2078.48  1.00000
 1564266   931.37  4090.54  2078.90  40000.0    200.0  4090.54  2078.90  1.00000
 1564283   931.41  4091.36  2079.31  40000.0    200.0  4091.36  2079.31  1.00000
 1564299   931.45  4092.17  2079.73  40000.0    200.0  4092.17  2079.73  1.00000
 1564315   931.48  4092.98  2080.14  40000.0    200.0  4092.98  2080.14  1.00000
 1564332   931.52  4093.79  2080.55  40000.0    200.0  4093.79  2080.55  1.00000
 1564348   931.55  4094.59  2080.96  40000.0    200.0  4094.59  2080.96  1.00000
 1564364   931.59  4095.39  2081.36  40000.0    200.0  4095.39  2081.36  1.00000
 1564380   931.62  4096.18  2081.77  40000.0    200.0  4096.18  2081.77  1.00000
 1564397   931.66  4096.97  2082.17  40000.0    200.0  4096.97  2082.17  1.00000
 1564413   931.69  4097.75  2082.57  40000.0    200.0  4097.75  2082.57  1.00000
 1564429   931.73  4098.53  2082.96  40000.0    200.0  4098.53  2082.96  1.00000
 1564446   931.76  4099.30  2083.35  40000.0    200.0  4099.30  2083.35  1.00000
 1564462   931.79  4100.07  2083.74  40000.0    200.0  4100.07  2083.74  1.00000
 1564478   931.83  4100.83  2084.13  40000.0    200.0  4100.83  2084.13  1.00000
 1564495   931.86  4101.58  2084.51  40000.0    200.0  4101.58  2084.51  1.00000
 1564511   931.89  4102.33  2084.89  40000.0    200.0  4102.33  2084.89  1.00000
 1564527   931.92  4103.07  2085.27  40000.0    200.0  4103.07  2085.27  1.00000
 1564543   931.95  4103.81  2085.65  40000.0    200.0  4103.81  2085.65  1.00000
 1564560   931.99  4104.55  2086.02  40000.0    200.0  4104.55  2086.02  1.00000
 1564576   932.02  4105.28  2086.39  40000.0    200.0  4105.28  2086.39  1.00000
 1564592   932.05  4106.01  2086.76  40000.0    200.0  4106.01  2086.76  1.00000
 1564609   932.08  4106.73  2087.13  40000.0    200.0  4106.73  2087.13  1.00000
 1564625   932.11  4107.44  2087.49  40000.0    200.0  4107.44  2087.49  1.00000
 1564641   932.14  4108.16  2087.86  40000.0    200.0  4108.16  2087.86  1.00000
 1564658   932.17  4108.86  2088.21  40000.0    200.0  4108.86  2088.21  1.00000
 1564674   932.20  4109.56  2088.57  40000.0    200.0  4109.56  2088.57  1.00000
 1564690   932.23  4110.25  2088.92  40000.0    200.0  4110.25  2088.92  1.00000
 1564707   932.26  4110.94  2089.27  40000.0    200.0  4110.94  2089.27  1.00000
 1564723   932.28  4111.62  2089.61  40000.0    200.0  4111.62  2089.61  1.00000
 1564739   932.31  4112.29  2089.95  40000.0    200.0  4112.29  2089.95  1.00000
 1564755   932.34  4112.95  2090.29  40000.0    200.0  4112.95  2090.29  1.00000
 1564772   932.37  4113.61  2090.63  40000.0    200.0  4113.61  2090.63  1.00000
 1564788   932.39  4114.26  2090.96  40000.0    200.0  4114.26  2090.96  1.00000
 1564804   932.42  4114.91  2091.29  40000.0    200.0  4114.91  2091.29  1.00000
 1564821   932.45  4115.55  2091.61  40000.0    200.0  4115.55  2091.61  1.00000
 1564837   932.47  4116.19  2091.94  40000.0    200.0  4116.19  2091.94  1.00000
 1564853   932.50  4116.82  2092.26  40000.0    200.0  4116.82  2092.26  1.00000
 1564870   932.53  4117.45  2092.58  40000.0    200.0  4117.45  2092.58  1.00000
 1564886   932.55  4118.07  2092.89  40000.0    200.0  4118.07  2092.89  1.00000
 1564902   932.58  4118.68  2093.20  40000.0    200.0  4118.68  2093.20  1.00000
 1564918   932.60  4119.29  2093.51  40000.0    200.0  4119.29  2093.51  1.00000
 1564935   932.62  4119.89  2093.82  40000.0    200.0  4119.89  2093.82  1.00000
 1564951   932.65  4120.49  2094.12  40000.0    200.0  4120.49  2094.12  1.00000
 1564967   932.67  4121.08  2094.42  40000.0    200.0  4121.08  2094.42  1.00000
 1564984   932.70  4121.66  2094.72  40000.0    200.0  4121.66  2094.72  1.00000
 1565000   932.72  4122.24  2095.01  40000.0    200.0  4122.24  2095.01  1.00000
