icehot_10km_prem.txt
  1    1.000000  1
800 300 500 0
       0  8164.96  5219.05  2751.76  40000.0    200.0  5219.05  2751.76  1.00000
    4812  8164.93  5219.04  2751.76  40000.0    200.0  5219.04  2751.76  1.00000
    9625  8164.87  5219.01  2751.74  40000.0    200.0  5219.01  2751.74  1.00000
   14437  8164.77  5218.95  2751.71  40000.0    200.0  5218.95  2751.71  1.00000
   19249  8164.62  5218.87  2751.68  40000.0    200.0  5218.87  2751.68  1.00000
   24061  8164.44  5218.78  2751.63  40000.0    200.0  5218.78  2751.63  1.00000
   28874  8164.21  5218.65  2751.58  40000.0    200.0  5218.65  2751.58  1.00000
   33686  8163.94  5218.50  2751.51  40000.0    200.0  5218.50  2751.51  1.00000
   38498  8163.63  5218.34  2751.43  40000.0    200.0  5218.34  2751.43  1.00000
   43311  8163.29  5218.15  2751.35  40000.0    200.0  5218.15  2751.35  1.00000
   48123  8162.89  5217.94  2751.24  40000.0    200.0  5217.94  2751.24  1.00000
   52935  8162.46  5217.70  2751.14  40000.0    200.0  5217.70  2751.14  1.00000
   57747  8161.99  5217.45  2751.02  40000.0    200.0  5217.45  2751.02  1.00000
   62560  8161.47  5217.17  2750.89  40000.0    200.0  5217.17  2750.89  1.00000
   67372  8160.92  5216.87  2750.76  40000.0    200.0  5216.87  2750.76  1.00000
   72184  8160.32  5216.55  2750.60  40000.0    200.0  5216.55  2750.60  1.00000
   76997  8159.68  5216.20  2750.45  40000.0    200.0  5216.20  2750.45  1.00000
   81809  8159.01  5215.84  2750.28  40000.0    200.0  5215.84  2750.28  1.00000
   86621  8158.29  5215.44  2750.10  40000.0    200.0  5215.44  2750.10  1.00000
   91434  8157.53  5215.03  2749.90  40000.0    200.0  5215.03  2749.90  1.00000
   96246  8156.73  5214.59  2749.71  40000.0    200.0  5214.59  2749.71  1.00000
  101058  8155.89  5214.13  2749.50  40000.0    200.0  5214.13  2749.50  1.00000
  105870  8155.01  5213.65  2749.28  40000.0    200.0  5213.65  2749.28  1.00000
  110683  8154.08  5213.16  2749.04  40000.0    200.0  5213.16  2749.04  1.00000
  115495  8153.11  5212.63  2748.80  40000.0    200.0  5212.63  2748.80  1.00000
  120307  8152.11  5212.08  2748.55  40000.0    200.0  5212.08  2748.55  1.00000
  125120  8151.06  5211.52  2748.29  40000.0    200.0  5211.52  2748.29  1.00000
  129932  8149.98  5210.93  2748.01  40000.0    200.0  5210.93  2748.01  1.00000
  134744  8148.85  5210.31  2747.73  40000.0    200.0  5210.31  2747.73  1.00000
  139556  8147.68  5209.67  2747.44  40000.0    200.0  5209.67  2747.44  1.00000
  144369  8146.47  5209.02  2747.14  40000.0    200.0  5209.02  2747.14  1.00000
  149181  8145.22  5208.34  2746.83  40000.0    200.0  5208.34  2746.83  1.00000
  153993  8143.93  5207.63  2746.50  40000.0    200.0  5207.63  2746.50  1.00000
  158806  8142.59  5206.90  2746.17  40000.0    200.0  5206.90  2746.17  1.00000
  163618  8141.23  5206.16  2745.82  40000.0    200.0  5206.16  2745.82  1.00000
  168430  8139.81  5205.38  2745.47  40000.0    200.0  5205.38  2745.47  1.00000
  173242  8138.35  5204.59  2745.10  40000.0    200.0  5204.59  2745.10  1.00000
  178055  8136.86  5203.77  2744.73  40000.0    200.0  5203.77  2744.73  1.00000
  182867  8135.32  5202.94  2744.34  40000.0    200.0  5202.94  2744.34  1.00000
  187679  8133.75  5202.07  2743.94  40000.0    200.0  5202.07  2743.94  1.00000
  192492  8132.13  5201.19  2743.53  40000.0    200.0  5201.19  2743.53  1.00000
  197304  8130.48  5200.28  2743.12  40000.0    200.0  5200.28  2743.12  1.00000
  202116  8128.78  5199.35  2742.69  40000.0    200.0  5199.35  2742.69  1.00000
  206929  8127.05  5198.39  2742.25  40000.0    200.0  5198.39  2742.25  1.00000
  211741  8125.26  5197.42  2741.80  40000.0    200.0  5197.42  2741.80  1.00000
  216553  8123.45  5196.43  2741.34  40000.0    200.0  5196.43  2741.34  1.00000
  221365  8121.58  5195.40  2740.87  40000.0    200.0  5195.40  2740.87  1.00000
  226178  8119.69  5194.36  2740.39  40000.0    200.0  5194.36  2740.39  1.00000
  230990  8117.74  5193.29  2739.89  40000.0    200.0  5193.29  2739.89  1.00000
  235802  8115.77  5192.20  2739.39  40000.0    200.0  5192.20  2739.39  1.00000
  240615  8113.74  5191.09  2738.88  40000.0    200.0  5191.09  2738.88  1.00000
  245427  8111.68  5189.96  2738.36  40000.0    200.0  5189.96  2738.36  1.00000
  250239  8109.58  5188.79  2737.82  40000.0    200.0  5188.79  2737.82  1.00000
  255051  8107.45  5187.62  2737.28  40000.0    200.0  5187.62  2737.28  1.00000
  259864  8105.26  5186.41  2736.73  40000.0    200.0  5186.41  2736.73  1.00000
  264676  8103.03  5185.18  2736.16  40000.0    200.0  5185.18  2736.16  1.00000
  269488  8100.78  5183.93  2735.58  40000.0    200.0  5183.93  2735.58  1.00000
  274301  8098.48  5182.66  2734.99  40000.0    200.0  5182.66  2734.99  1.00000
  279113  8096.14  5181.36  2734.40  40000.0    200.0  5181.36  2734.40  1.00000
  283925  8093.75  5180.04  2733.79  40000.0    200.0  5180.04  2733.79  1.00000
  288737  8091.33  5178.69  2733.17  40000.0    200.0  5178.69  2733.17  1.00000
  293550  8088.86  5177.33  2732.54  40000.0    200.0  5177.33  2732.54  1.00000
  298362  8086.36  5175.93  2731.91  40000.0    200.0  5175.93  2731.91  1.00000
  303174  8083.82  5174.52  2731.25  40000.0    200.0  5174.52  2731.25  1.00000
  307987  8081.25  5173.08  2730.59  40000.0    200.0  5173.08  2730.59  1.00000
  312799  8078.62  5171.62  2729.92  40000.0    200.0  5171.62  2729.92  1.00000
  317611  8075.96  5170.13  2729.24  40000.0    200.0  5170.13  2729.24  1.00000
  322423  8073.26  5168.62  2728.54  40000.0    200.0  5168.62  2728.54  1.00000
  327236  8070.52  5167.09  2727.84  40000.0    200.0  5167.09  2727.84  1.00000
  332048  8067.74  5165.53  2727.12  40000.0    200.0  5165.53  2727.12  1.00000
  336860  8064.92  5163.96  2726.40  40000.0    200.0  5163.96  2726.40  1.00000
  341673  8062.07  5162.35  2725.66  40000.0    200.0  5162.35  2725.66  1.00000
  346485  8059.16  5160.73  2724.91  40000.0    200.0  5160.73  2724.91  1.00000
  351297  8056.22  5159.08  2724.15  40000.0    200.0  5159.08  2724.15  1.00000
  356110  8053.25  5157.40  2723.38  40000.0    200.0  5157.40  2723.38  1.00000
  360922  8050.23  5155.71  2722.60  40000.0    200.0  5155.71  2722.60  1.00000
  365734  8047.18  5153.99  2721.81  40000.0    200.0  5153.99  2721.81  1.00000
  370546  8044.08  5152.23  2721.00  40000.0    200.0  5152.23  2721.00  1.00000
  375359  8040.95  5150.47  2720.19  40000.0    200.0  5150.47  2720.19  1.00000
  380171  8037.77  5148.67  2719.36  40000.0    200.0  5148.67  2719.36  1.00000
  384983  8034.56  5146.86  2718.53  40000.0    200.0  5146.86  2718.53  1.00000
  389796  8031.31  5145.01  2717.68  40000.0    200.0  5145.01  2717.68  1.00000
  394608  8028.02  5143.15  2716.82  40000.0    200.0  5143.15  2716.82  1.00000
  399420  8024.69  5141.25  2715.95  40000.0    200.0  5141.25  2715.95  1.00000
  404232  8021.32  5139.34  2715.07  40000.0    200.0  5139.34  2715.07  1.00000
  409045  8017.91  5137.39  2714.18  40000.0    200.0  5137.39  2714.18  1.00000
  413857  8014.46  5135.43  2713.28  40000.0    200.0  5135.43  2713.28  1.00000
  418669  8010.98  5133.44  2712.37  40000.0    200.0  5133.44  2712.37  1.00000
  423482  8007.45  5131.43  2711.43  40000.0    200.0  5131.43  2711.43  1.00000
  428294  8003.90  5129.39  2710.50  40000.0    200.0  5129.39  2710.50  1.00000
  433106  8000.29  5127.32  2709.55  40000.0    200.0  5127.32  2709.55  1.00000
  437918  7996.65  5125.24  2708.60  40000.0    200.0  5125.24  2708.60  1.00000
  442731  7992.97  5123.12  2707.62  40000.0    200.0  5123.12  2707.62  1.00000
  447543  7989.26  5120.98  2706.64  40000.0    200.0  5120.98  2706.64  1.00000
  452355  7985.51  5118.82  2705.65  40000.0    200.0  5118.82  2705.65  1.00000
  457168  7981.71  5116.64  2704.64  40000.0    200.0  5116.64  2704.64  1.00000
  461980  7977.88  5114.42  2703.62  40000.0    200.0  5114.42  2703.62  1.00000
  466792  3483.37  7694.41  4301.45  40000.0    200.0  7694.41  4301.45  1.00000
  471605  3483.72  7696.46  4302.58  40000.0    200.0  7696.46  4302.58  1.00000
  476417  3478.43  7671.25  4293.41  40000.0    200.0  7671.25  4293.41  1.00000
  481229  3478.84  7673.54  4294.62  40000.0    200.0  7673.54  4294.62  1.00000
  486041  3479.25  7675.82  4295.85  40000.0    200.0  7675.82  4295.85  1.00000
  490854  3479.66  7678.12  4297.08  40000.0    200.0  7678.12  4297.08  1.00000
  495666  3480.07  7680.42  4298.31  40000.0    200.0  7680.42  4298.31  1.00000
  500478  3480.49  7682.72  4299.54  40000.0    200.0  7682.72  4299.54  1.00000
  505291  3475.17  7657.42  4290.30  40000.0    200.0  7657.42  4290.30  1.00000
  510103  3475.60  7659.78  4291.55  40000.0    200.0  7659.78  4291.55  1.00000
  514915  3476.02  7662.15  4292.82  40000.0    200.0  7662.15  4292.82  1.00000
  519727  3476.45  7664.52  4294.08  40000.0    200.0  7664.52  4294.08  1.00000
  524540  3476.87  7666.91  4295.35  40000.0    200.0  7666.91  4295.35  1.00000
  529352  3477.31  7669.31  4296.63  40000.0    200.0  7669.31  4296.63  1.00000
  534164  3471.70  7642.63  4286.76  40000.0    200.0  7642.63  4286.76  1.00000
  538977  3472.19  7645.25  4288.15  40000.0    200.0  7645.25  4288.15  1.00000
  543789  3472.67  7647.87  4289.56  40000.0    200.0  7647.87  4289.56  1.00000
  548601  3473.16  7650.50  4290.96  40000.0    200.0  7650.50  4290.96  1.00000
  553413  3473.65  7653.13  4292.37  40000.0    200.0  7653.13  4292.37  1.00000
  558226  3468.19  7627.16  4282.81  40000.0    200.0  7627.16  4282.81  1.00000
  563038  3468.52  7629.03  4283.92  40000.0    200.0  7629.03  4283.92  1.00000
  567850  3469.02  7631.69  4285.34  40000.0    200.0  7631.69  4285.34  1.00000
  572663  3469.51  7634.34  4286.76  40000.0    200.0  7634.34  4286.76  1.00000
  577475  3470.02  7637.02  4288.18  40000.0    200.0  7637.02  4288.18  1.00000
  582287  3470.51  7639.68  4289.60  40000.0    200.0  7639.68  4289.60  1.00000
  587099  3463.23  7606.89  4279.22  40000.0    200.0  7606.89  4279.22  1.00000
  591912  3464.01  7610.57  4280.73  40000.0    200.0  7610.57  4280.73  1.00000
  596724  3464.81  7614.35  4282.26  40000.0    200.0  7614.35  4282.26  1.00000
  601536  3465.63  7618.20  4283.79  40000.0    200.0  7618.20  4283.79  1.00000
  606349  3466.48  7622.14  4285.33  40000.0    200.0  7622.14  4285.33  1.00000
  611161  3467.34  7626.16  4286.89  40000.0    200.0  7626.16  4286.89  1.00000
  615973  3457.10  7582.64  4275.61  40000.0    200.0  7582.64  4275.61  1.00000
  620786  3458.60  7589.00  4277.35  40000.0    200.0  7589.00  4277.35  1.00000
  625598  3460.11  7595.35  4279.11  40000.0    200.0  7595.35  4279.11  1.00000
  630410  3461.62  7601.73  4280.86  40000.0    200.0  7601.73  4280.86  1.00000
  635222  3463.13  7608.12  4282.62  40000.0    200.0  7608.12  4282.62  1.00000
  640035  3452.74  7563.84  4271.28  40000.0    200.0  7563.84  4271.28  1.00000
  644847  3453.79  7568.60  4272.92  40000.0    200.0  7568.60  4272.92  1.00000
  649659  3454.82  7573.29  4274.58  40000.0    200.0  7573.29  4274.58  1.00000
  654472  3455.83  7577.91  4276.22  40000.0    200.0  7577.91  4276.22  1.00000
  659284  3456.84  7582.46  4277.86  40000.0    200.0  7582.46  4277.86  1.00000
  664096  3457.81  7586.97  4279.51  40000.0    200.0  7586.97  4279.51  1.00000
  668908  3449.30  7549.26  4268.61  40000.0    200.0  7549.26  4268.61  1.00000
  673721  3449.81  7552.03  4270.13  40000.0    200.0  7552.03  4270.13  1.00000
  678533  3450.31  7554.81  4271.66  40000.0    200.0  7554.81  4271.66  1.00000
  683345  3450.82  7557.60  4273.20  40000.0    200.0  7557.60  4273.20  1.00000
  688158  3451.32  7560.39  4274.73  40000.0    200.0  7560.39  4274.73  1.00000
  692970  3445.60  7532.73  4264.51  40000.0    200.0  7532.73  4264.51  1.00000
  697782  3446.10  7535.55  4266.06  40000.0    200.0  7535.55  4266.06  1.00000
  702594  3446.62  7538.36  4267.60  40000.0    200.0  7538.36  4267.60  1.00000
  707407  3447.13  7541.18  4269.15  40000.0    200.0  7541.18  4269.15  1.00000
  712219  3447.65  7544.00  4270.70  40000.0    200.0  7544.00  4270.70  1.00000
  717031  3441.87  7516.17  4260.43  40000.0    200.0  7516.17  4260.43  1.00000
  721844  3442.37  7518.90  4261.95  40000.0    200.0  7518.90  4261.95  1.00000
  726656  3442.85  7521.63  4263.47  40000.0    200.0  7521.63  4263.47  1.00000
  731468  3443.35  7524.36  4265.00  40000.0    200.0  7524.36  4265.00  1.00000
  736281  3443.83  7527.10  4266.52  40000.0    200.0  7527.10  4266.52  1.00000
  741093  3444.32  7529.84  4268.05  40000.0    200.0  7529.84  4268.05  1.00000
  745905  3438.65  7502.42  4257.92  40000.0    200.0  7502.42  4257.92  1.00000
  750717  3439.13  7505.14  4259.44  40000.0    200.0  7505.14  4259.44  1.00000
  755530  3439.60  7507.86  4260.95  40000.0    200.0  7507.86  4260.95  1.00000
  760342  3440.08  7510.59  4262.48  40000.0    200.0  7510.59  4262.48  1.00000
  765154  3440.56  7513.33  4264.00  40000.0    200.0  7513.33  4264.00  1.00000
  769967  3434.76  7484.64  4253.51  40000.0    200.0  7484.64  4253.51  1.00000
  774779  3435.27  7487.64  4255.13  40000.0    200.0  7487.64  4255.13  1.00000
  779591  3435.79  7490.66  4256.75  40000.0    200.0  7490.66  4256.75  1.00000
  784403  3436.32  7493.69  4258.39  40000.0    200.0  7493.69  4258.39  1.00000
  789216  3436.85  7496.74  4260.02  40000.0    200.0  7496.74  4260.02  1.00000
  794028  3430.95  7467.43  4249.36  40000.0    200.0  7467.43  4249.36  1.00000
  798840  3431.50  7470.58  4251.03  40000.0    200.0  7470.58  4251.03  1.00000
  803653  3432.04  7473.74  4252.71  40000.0    200.0  7473.74  4252.71  1.00000
  808465  3432.59  7476.90  4254.39  40000.0    200.0  7476.90  4254.39  1.00000
  813277  3433.13  7480.07  4256.08  40000.0    200.0  7480.07  4256.08  1.00000
  818089  3427.20  7450.62  4245.39  40000.0    200.0  7450.62  4245.39  1.00000
  822902  3427.75  7453.81  4247.08  40000.0    200.0  7453.81  4247.08  1.00000
  827714  3428.31  7457.02  4248.78  40000.0    200.0  7457.02  4248.78  1.00000
  832526  3428.85  7460.23  4250.48  40000.0    200.0  7460.23  4250.48  1.00000
  837339  3429.41  7463.45  4252.18  40000.0    200.0  7463.45  4252.18  1.00000
  842151  3425.70  7445.20  4245.77  40000.0    200.0  7445.20  4245.77  1.00000
  846963  3424.00  7437.02  4243.17  40000.0    200.0  7437.02  4243.17  1.00000
  851776  3424.55  7440.28  4244.88  40000.0    200.0  7440.28  4244.88  1.00000
  856588  3425.12  7443.53  4246.60  40000.0    200.0  7443.53  4246.60  1.00000
  861400  3425.68  7446.78  4248.32  40000.0    200.0  7446.78  4248.32  1.00000
  866212  3426.25  7450.04  4250.05  40000.0    200.0  7450.04  4250.05  1.00000
  871025  3420.23  7420.35  4239.28  40000.0    200.0  7420.35  4239.28  1.00000
  875837  3427.37  7456.51  4253.48  40000.0    200.0  7456.51  4253.48  1.00000
  880649  3427.93  7459.76  4255.21  40000.0    200.0  7459.76  4255.21  1.00000
  885462  3428.50  7463.00  4256.95  40000.0    200.0  7463.00  4256.95  1.00000
  890274  3429.06  7466.27  4258.68  40000.0    200.0  7466.27  4258.68  1.00000
  895086  3423.09  7436.89  4247.99  40000.0    200.0  7436.89  4247.99  1.00000
  899898  3423.66  7440.10  4249.72  40000.0    200.0  7440.10  4249.72  1.00000
  904711  3424.24  7443.31  4251.47  40000.0    200.0  7443.31  4251.47  1.00000
  909523  3424.80  7446.54  4253.21  40000.0    200.0  7446.54  4253.21  1.00000
  914335  3425.38  7449.77  4254.96  40000.0    200.0  7449.77  4254.96  1.00000
  919148  3419.37  7420.20  4244.23  40000.0    200.0  7420.20  4244.23  1.00000
  923960  3419.95  7423.47  4245.99  40000.0    200.0  7423.47  4245.99  1.00000
  928772  3420.52  7426.76  4247.75  40000.0    200.0  7426.76  4247.75  1.00000
  933584  3421.10  7430.05  4249.51  40000.0    200.0  7430.05  4249.51  1.00000
  938397  3421.69  7433.35  4251.28  40000.0    200.0  7433.35  4251.28  1.00000
  943209  3414.00  7396.14  4237.73  40000.0    200.0  7396.14  4237.73  1.00000
  948021  3414.46  7398.98  4239.31  40000.0    200.0  7398.98  4239.31  1.00000
  952834  3414.93  7401.83  4240.89  40000.0    200.0  7401.83  4240.89  1.00000
  957646  3415.40  7404.69  4242.48  40000.0    200.0  7404.69  4242.48  1.00000
  962458  3415.88  7407.56  4244.07  40000.0    200.0  7407.56  4244.07  1.00000
  967270  3402.57  7344.91  4221.01  40000.0    200.0  7344.91  4221.01  1.00000
  972083  3403.17  7348.45  4222.83  40000.0    200.0  7348.45  4222.83  1.00000
  976895  3403.77  7352.00  4224.65  40000.0    200.0  7352.00  4224.65  1.00000
  981707  3404.36  7355.56  4226.48  40000.0    200.0  7355.56  4226.48  1.00000
  986520  3404.96  7359.12  4228.32  40000.0    200.0  7359.12  4228.32  1.00000
  991332  3398.75  7327.70  4217.31  40000.0    200.0  7327.70  4217.31  1.00000
  996144  3399.36  7331.25  4219.15  40000.0    200.0  7331.25  4219.15  1.00000
 1000957  3399.96  7334.82  4220.99  40000.0    200.0  7334.82  4220.99  1.00000
 1005769  3400.57  7338.38  4222.85  40000.0    200.0  7338.38  4222.85  1.00000
 1010581  3401.18  7341.96  4224.70  40000.0    200.0  7341.96  4224.70  1.00000
 1015393  3394.91  7310.40  4213.64  40000.0    200.0  7310.40  4213.64  1.00000
 1020206  3395.52  7313.95  4215.49  40000.0    200.0  7313.95  4215.49  1.00000
 1025018  3396.14  7317.51  4217.36  40000.0    200.0  7317.51  4217.36  1.00000
 1029830  3396.76  7321.08  4219.22  40000.0    200.0  7321.08  4219.22  1.00000
 1034643  3393.18  7303.22  4213.24  40000.0    200.0  7303.22  4213.24  1.00000
 1039455  3391.05  7292.83  4209.97  40000.0    200.0  7292.83  4209.97  1.00000
 1044267  3391.67  7296.45  4211.86  40000.0    200.0  7296.45  4211.86  1.00000
 1049079  3392.30  7300.10  4213.74  40000.0    200.0  7300.10  4213.74  1.00000
 1053892  3392.93  7303.75  4215.63  40000.0    200.0  7303.75  4215.63  1.00000
 1058704  3386.54  7271.49  4204.43  40000.0    200.0  7271.49  4204.43  1.00000
 1063516  3387.18  7275.19  4206.34  40000.0    200.0  7275.19  4206.34  1.00000
 1068329  3387.81  7278.92  4208.24  40000.0    200.0  7278.92  4208.24  1.00000
 1073141  3388.45  7282.65  4210.15  40000.0    200.0  7282.65  4210.15  1.00000
 1077953  3389.08  7286.39  4212.06  40000.0    200.0  7286.39  4212.06  1.00000
 1082765  3382.64  7253.97  4200.82  40000.0    200.0  7253.97  4200.82  1.00000
 1087578  3383.29  7257.70  4202.73  40000.0    200.0  7257.70  4202.73  1.00000
 1092390  3383.93  7261.44  4204.66  40000.0    200.0  7261.44  4204.66  1.00000
 1097202  3384.58  7265.17  4206.58  40000.0    200.0  7265.17  4206.58  1.00000
 1102015  3385.23  7268.91  4208.51  40000.0    200.0  7268.91  4208.51  1.00000
 1106827  3378.72  7236.23  4197.20  40000.0    200.0  7236.23  4197.20  1.00000
 1111639  3379.38  7239.98  4199.15  40000.0    200.0  7239.98  4199.15  1.00000
 1116452  3380.03  7243.74  4201.08  40000.0    200.0  7243.74  4201.08  1.00000
 1121264  3380.69  7247.51  4203.03  40000.0    200.0  7247.51  4203.03  1.00000
 1126076  3381.35  7251.29  4204.97  40000.0    200.0  7251.29  4204.97  1.00000
 1130888  3374.78  7218.16  4193.61  40000.0    200.0  7218.16  4193.61  1.00000
 1135701  3375.44  7222.00  4195.56  40000.0    200.0  7222.00  4195.56  1.00000
 1140513  3376.11  7225.86  4197.53  40000.0    200.0  7225.86  4197.53  1.00000
 1145325  3376.78  7229.72  4199.50  40000.0    200.0  7229.72  4199.50  1.00000
 1150138  3373.23  7211.84  4193.62  40000.0    200.0  7211.84  4193.62  1.00000
 1154950  3370.79  7199.68  4189.79  40000.0    200.0  7199.68  4189.79  1.00000
 1159762  3371.46  7203.61  4191.78  40000.0    200.0  7203.61  4191.78  1.00000
 1164574  3372.14  7207.56  4193.76  40000.0    200.0  7207.56  4193.76  1.00000
 1169387  3372.82  7211.51  4195.75  40000.0    200.0  7211.51  4195.75  1.00000
 1174199  3366.10  7177.36  4184.16  40000.0    200.0  7177.36  4184.16  1.00000
 1179011  3366.79  7181.40  4186.17  40000.0    200.0  7181.40  4186.17  1.00000
 1183824  3367.48  7185.44  4188.18  40000.0    200.0  7185.44  4188.18  1.00000
 1188636  3368.17  7189.50  4190.20  40000.0    200.0  7189.50  4190.20  1.00000
 1193448  3368.85  7193.57  4192.22  40000.0    200.0  7193.57  4192.22  1.00000
 1198260  3362.09  7159.43  4180.61  40000.0    200.0  7159.43  4180.61  1.00000
 1203073  3362.79  7163.43  4182.64  40000.0    200.0  7163.43  4182.64  1.00000
 1207885  3363.49  7167.42  4184.67  40000.0    200.0  7167.42  4184.67  1.00000
 1212697  3364.18  7171.43  4186.70  40000.0    200.0  7171.43  4186.70  1.00000
 1217510  3364.89  7175.44  4188.73  40000.0    200.0  7175.44  4188.73  1.00000
 1222322  3358.06  7140.79  4177.05  40000.0    200.0  7140.79  4177.05  1.00000
 1227134  3366.27  7183.65  4192.77  40000.0    200.0  7183.65  4192.77  1.00000
 1231946  3366.96  7187.78  4194.80  40000.0    200.0  7187.78  4194.80  1.00000
 1236759  3367.66  7191.92  4196.83  40000.0    200.0  7191.92  4196.83  1.00000
 1241571  3360.91  7157.23  4185.28  40000.0    200.0  7157.23  4185.28  1.00000
 1246383  3361.62  7161.41  4187.32  40000.0    200.0  7161.41  4187.32  1.00000
 1251196  3362.32  7165.59  4189.37  40000.0    200.0  7165.59  4189.37  1.00000
 1256008  3363.03  7169.78  4191.41  40000.0    200.0  7169.78  4191.41  1.00000
 1260820  3363.74  7173.98  4193.47  40000.0    200.0  7173.98  4193.47  1.00000
 1265633  3356.90  7138.96  4181.85  40000.0    200.0  7138.96  4181.85  1.00000
 1270445  3357.62  7143.20  4183.92  40000.0    200.0  7143.20  4183.92  1.00000
 1275257  3358.34  7147.46  4185.98  40000.0    200.0  7147.46  4185.98  1.00000
 1280069  3359.06  7151.71  4188.06  40000.0    200.0  7151.71  4188.06  1.00000
 1284882  3351.94  7116.20  4177.47  40000.0    200.0  7116.20  4177.47  1.00000
 1289694  3352.70  7120.52  4179.38  40000.0    200.0  7120.52  4179.38  1.00000
 1294506  3353.47  7124.86  4181.24  40000.0    200.0  7124.86  4181.24  1.00000
 1299319  3354.25  7129.20  4183.07  40000.0    200.0  7129.20  4183.07  1.00000
 1304131  3355.04  7133.55  4184.87  40000.0    200.0  7133.55  4184.87  1.00000
 1308943  3347.20  7097.61  4178.04  40000.0    200.0  7097.61  4178.04  1.00000
 1313755  3348.16  7102.02  4178.86  40000.0    200.0  7102.02  4178.86  1.00000
 1318568  3349.12  7106.43  4179.69  40000.0    200.0  7106.43  4179.69  1.00000
 1323380  3350.09  7110.87  4180.52  40000.0    200.0  7110.87  4180.52  1.00000
 1328192  3343.35  7079.88  4174.69  40000.0    200.0  7079.88  4174.69  1.00000
 1333005  3343.05  7078.81  4174.86  40000.0    200.0  7078.81  4174.86  1.00000
 1337817  3343.95  7083.31  4176.13  40000.0    200.0  7083.31  4176.13  1.00000
 1342629  3344.86  7087.83  4177.43  40000.0    200.0  7087.83  4177.43  1.00000
 1347441  3354.20  7138.22  4196.30  40000.0    200.0  7138.22  4196.30  1.00000
 1352254  3340.68  7121.64  4182.72  40000.0    200.0  7121.64  4182.72  1.00000
 1357066  3364.27  7206.54  4230.16  40000.0    200.0  7206.54  4230.16  1.00000
 1361878  3361.89  7233.38  4236.83  40000.0    200.0  7233.38  4236.83  1.00000
 1366691  3380.73  7306.81  4277.23  40000.0    200.0  7306.81  4277.23  1.00000
 1371503  3365.06  7290.53  4260.90  40000.0    200.0  7290.53  4260.90  1.00000
 1376315  3371.65  7329.88  4281.50  40000.0    200.0  7329.88  4281.50  1.00000
 1381128  3382.28  7389.03  4308.69  40000.0    200.0  7389.03  4308.69  1.00000
 1385940  3387.26  7420.27  4326.45  40000.0    200.0  7420.27  4326.45  1.00000
 1390752  3394.54  7474.82  4344.82  40000.0    200.0  7474.82  4344.82  1.00000
 1395564  3388.46  7469.31  4339.24  40000.0    200.0  7469.31  4339.24  1.00000
 1400377  3397.90  7522.13  4364.07  40000.0    200.0  7522.13  4364.07  1.00000
 1405189  3402.08  7548.49  4379.63  40000.0    200.0  7548.49  4379.63  1.00000
 1410001  3412.00  7602.96  4404.75  40000.0    200.0  7602.96  4404.75  1.00000
 1414814  3411.04  7603.97  4411.00  40000.0    200.0  7603.97  4411.00  1.00000
 1419626  3419.31  7649.65  4432.29  40000.0    200.0  7649.65  4432.29  1.00000
 1424438  3454.92  7736.83  4490.43  40000.0    200.0  7736.83  4490.43  1.00000
 1429250  3440.62  7731.10  4478.04  40000.0    200.0  7731.10  4478.04  1.00000
 1434063  3456.18  7768.34  4506.13  40000.0    200.0  7768.34  4506.13  1.00000
 1438875  3440.85  7758.08  4491.20  40000.0    200.0  7758.08  4491.20  1.00000
 1438875  1074.15  1723.27     0.00  40000.0    200.0  1723.27     0.00  1.00000
 1439459  1073.85  1721.67     0.00  40000.0    200.0  1721.67     0.00  1.00000
 1440043  1073.54  1720.07     0.00  40000.0    200.0  1720.07     0.00  1.00000
 1440628  1073.23  1718.47     0.00  40000.0    200.0  1718.47     0.00  1.00000
 1441212  1072.92  1716.87     0.00  40000.0    200.0  1716.87     0.00  1.00000
 1441796  1072.61  1715.27     0.00  40000.0    200.0  1715.27     0.00  1.00000
 1442380  1072.30  1713.67     0.00  40000.0    200.0  1713.67     0.00  1.00000
 1442964  1071.99  1712.07     0.00  40000.0    200.0  1712.07     0.00  1.00000
 1443548  1071.67  1710.47     0.00  40000.0    200.0  1710.47     0.00  1.00000
 1444133  1071.36  1708.87     0.00  40000.0    200.0  1708.87     0.00  1.00000
 1444717  1071.05  1707.27     0.00  40000.0    200.0  1707.27     0.00  1.00000
 1445301  1070.74  1705.67     0.00  40000.0    200.0  1705.67     0.00  1.00000
 1445885  1070.42  1704.07     0.00  40000.0    200.0  1704.07     0.00  1.00000
 1446469  1070.12  1702.47     0.00  40000.0    200.0  1702.47     0.00  1.00000
 1447053  1069.80  1700.87     0.00  40000.0    200.0  1700.87     0.00  1.00000
 1447638  1069.48  1699.28     0.00  40000.0    200.0  1699.28     0.00  1.00000
 1448222  1069.18  1697.68     0.00  40000.0    200.0  1697.68     0.00  1.00000
 1448806  1068.86  1696.08     0.00  40000.0    200.0  1696.08     0.00  1.00000
 1449390  1068.54  1694.48     0.00  40000.0    200.0  1694.48     0.00  1.00000
 1449974  1068.22  1692.88     0.00  40000.0    200.0  1692.88     0.00  1.00000
 1450558  1067.91  1691.28     0.00  40000.0    200.0  1691.28     0.00  1.00000
 1451143  1067.60  1689.69     0.00  40000.0    200.0  1689.69     0.00  1.00000
 1451727  1067.28  1688.09     0.00  40000.0    200.0  1688.09     0.00  1.00000
 1452311  1066.97  1686.49     0.00  40000.0    200.0  1686.49     0.00  1.00000
 1452895  1066.65  1684.89     0.00  40000.0    200.0  1684.89     0.00  1.00000
 1453479  1066.33  1683.30     0.00  40000.0    200.0  1683.30     0.00  1.00000
 1454063  1066.02  1681.71     0.00  40000.0    200.0  1681.71     0.00  1.00000
 1454648  1065.69  1680.11     0.00  40000.0    200.0  1680.11     0.00  1.00000
 1455232  1065.38  1678.52     0.00  40000.0    200.0  1678.52     0.00  1.00000
 1455816  1065.06  1676.92     0.00  40000.0    200.0  1676.92     0.00  1.00000
 1456400  1064.74  1675.33     0.00  40000.0    200.0  1675.33     0.00  1.00000
 1456984  1064.42  1673.73     0.00  40000.0    200.0  1673.73     0.00  1.00000
 1457568  1064.10  1672.14     0.00  40000.0    200.0  1672.14     0.00  1.00000
 1458153  1063.78  1670.56     0.00  40000.0    200.0  1670.56     0.00  1.00000
 1458737  1063.46  1668.96     0.00  40000.0    200.0  1668.96     0.00  1.00000
 1459321  1063.14  1667.37     0.00  40000.0    200.0  1667.37     0.00  1.00000
 1459905  1062.82  1665.78     0.00  40000.0    200.0  1665.78     0.00  1.00000
 1460489  1062.50  1664.19     0.00  40000.0    200.0  1664.19     0.00  1.00000
 1461073  1062.18  1662.60     0.00  40000.0    200.0  1662.60     0.00  1.00000
 1461658  1061.86  1661.01     0.00  40000.0    200.0  1661.01     0.00  1.00000
 1462242  1061.53  1659.42     0.00  40000.0    200.0  1659.42     0.00  1.00000
 1462826  1061.21  1657.83     0.00  40000.0    200.0  1657.83     0.00  1.00000
 1463410  1060.89  1656.25     0.00  40000.0    200.0  1656.25     0.00  1.00000
 1463994  1060.56  1654.67     0.00  40000.0    200.0  1654.67     0.00  1.00000
 1464579  1060.25  1653.08     0.00  40000.0    200.0  1653.08     0.00  1.00000
 1465163  1059.92  1651.50     0.00  40000.0    200.0  1651.50     0.00  1.00000
 1465747  1059.59  1649.91     0.00  40000.0    200.0  1649.91     0.00  1.00000
 1466331  1059.28  1648.33     0.00  40000.0    200.0  1648.33     0.00  1.00000
 1466915  1058.95  1646.75     0.00  40000.0    200.0  1646.75     0.00  1.00000
 1467499  1058.62  1645.16     0.00  40000.0    200.0  1645.16     0.00  1.00000
 1468084  1058.29  1643.58     0.00  40000.0    200.0  1643.58     0.00  1.00000
 1468668  1057.97  1642.00     0.00  40000.0    200.0  1642.00     0.00  1.00000
 1469252  1057.64  1640.42     0.00  40000.0    200.0  1640.42     0.00  1.00000
 1469836  1057.32  1638.85     0.00  40000.0    200.0  1638.85     0.00  1.00000
 1470420  1056.99  1637.27     0.00  40000.0    200.0  1637.27     0.00  1.00000
 1471004  1056.67  1635.70     0.00  40000.0    200.0  1635.70     0.00  1.00000
 1471589  1056.34  1634.12     0.00  40000.0    200.0  1634.12     0.00  1.00000
 1472173  1056.01  1632.55     0.00  40000.0    200.0  1632.55     0.00  1.00000
 1472757  1055.68  1630.98     0.00  40000.0    200.0  1630.98     0.00  1.00000
 1473341  1055.35  1629.41     0.00  40000.0    200.0  1629.41     0.00  1.00000
 1473925  1055.02  1627.83     0.00  40000.0    200.0  1627.83     0.00  1.00000
 1474509  1054.69  1626.26     0.00  40000.0    200.0  1626.26     0.00  1.00000
 1475094  1054.37  1624.70     0.00  40000.0    200.0  1624.70     0.00  1.00000
 1475678  1054.03  1623.13     0.00  40000.0    200.0  1623.13     0.00  1.00000
 1476262  1053.70  1621.57     0.00  40000.0    200.0  1621.57     0.00  1.00000
 1476846  1053.38  1620.00     0.00  40000.0    200.0  1620.00     0.00  1.00000
 1477430  1053.04  1618.44     0.00  40000.0    200.0  1618.44     0.00  1.00000
 1478014  1052.71  1616.87     0.00  40000.0    200.0  1616.87     0.00  1.00000
 1478599  1052.38  1615.31     0.00  40000.0    200.0  1615.31     0.00  1.00000
 1479183  1052.05  1613.75     0.00  40000.0    200.0  1613.75     0.00  1.00000
 1479767  1051.71  1612.19     0.00  40000.0    200.0  1612.19     0.00  1.00000
 1480351  1051.38  1610.63     0.00  40000.0    200.0  1610.63     0.00  1.00000
 1480935  1051.05  1609.08     0.00  40000.0    200.0  1609.08     0.00  1.00000
 1481519  1050.72  1607.52     0.00  40000.0    200.0  1607.52     0.00  1.00000
 1482104  1050.38  1605.97     0.00  40000.0    200.0  1605.97     0.00  1.00000
 1482688  1050.05  1604.42     0.00  40000.0    200.0  1604.42     0.00  1.00000
 1483272  1049.72  1602.86     0.00  40000.0    200.0  1602.86     0.00  1.00000
 1483856  1049.38  1601.32     0.00  40000.0    200.0  1601.32     0.00  1.00000
 1484440  1049.04  1599.77     0.00  40000.0    200.0  1599.77     0.00  1.00000
 1485024  1048.71  1598.23     0.00  40000.0    200.0  1598.23     0.00  1.00000
 1485609  1048.37  1596.67     0.00  40000.0    200.0  1596.67     0.00  1.00000
 1486193  1048.03  1595.13     0.00  40000.0    200.0  1595.13     0.00  1.00000
 1486777  1047.69  1593.59     0.00  40000.0    200.0  1593.59     0.00  1.00000
 1487361  1047.36  1592.05     0.00  40000.0    200.0  1592.05     0.00  1.00000
 1487945  1047.02  1590.51     0.00  40000.0    200.0  1590.51     0.00  1.00000
 1488530  1046.68  1588.97     0.00  40000.0    200.0  1588.97     0.00  1.00000
 1489114  1046.35  1587.44     0.00  40000.0    200.0  1587.44     0.00  1.00000
 1489698  1046.01  1585.91     0.00  40000.0    200.0  1585.91     0.00  1.00000
 1490282  1045.67  1584.37     0.00  40000.0    200.0  1584.37     0.00  1.00000
 1490866  1045.33  1582.84     0.00  40000.0    200.0  1582.84     0.00  1.00000
 1491450  1044.99  1581.31     0.00  40000.0    200.0  1581.31     0.00  1.00000
 1492035  1044.65  1579.78     0.00  40000.0    200.0  1579.78     0.00  1.00000
 1492619  1044.31  1578.26     0.00  40000.0    200.0  1578.26     0.00  1.00000
 1493203  1043.98  1576.73     0.00  40000.0    200.0  1576.73     0.00  1.00000
 1493787  1043.63  1575.21     0.00  40000.0    200.0  1575.21     0.00  1.00000
 1494371  1043.29  1573.68     0.00  40000.0    200.0  1573.68     0.00  1.00000
 1494955  1042.95  1572.17     0.00  40000.0    200.0  1572.17     0.00  1.00000
 1495540  1042.61  1570.66     0.00  40000.0    200.0  1570.66     0.00  1.00000
 1496124  1042.27  1569.14     0.00  40000.0    200.0  1569.14     0.00  1.00000
 1496708  1041.92  1567.63     0.00  40000.0    200.0  1567.63     0.00  1.00000
 1497292  1041.58  1566.11     0.00  40000.0    200.0  1566.11     0.00  1.00000
 1497876  1041.23  1564.60     0.00  40000.0    200.0  1564.60     0.00  1.00000
 1498460  1040.89  1563.09     0.00  40000.0    200.0  1563.09     0.00  1.00000
 1499045  1040.54  1561.59     0.00  40000.0    200.0  1561.59     0.00  1.00000
 1499629  1040.20  1560.09     0.00  40000.0    200.0  1560.09     0.00  1.00000
 1500213  1039.86  1558.58     0.00  40000.0    200.0  1558.58     0.00  1.00000
 1500797  1039.51  1557.08     0.00  40000.0    200.0  1557.08     0.00  1.00000
 1501381  1039.17  1555.58     0.00  40000.0    200.0  1555.58     0.00  1.00000
 1501965  1038.82  1554.09     0.00  40000.0    200.0  1554.09     0.00  1.00000
 1502550  1038.47  1552.59     0.00  40000.0    200.0  1552.59     0.00  1.00000
 1503134  1038.13  1551.11     0.00  40000.0    200.0  1551.11     0.00  1.00000
 1503718  1037.78  1549.61     0.00  40000.0    200.0  1549.61     0.00  1.00000
 1504302  1037.43  1548.13     0.00  40000.0    200.0  1548.13     0.00  1.00000
 1504886  1037.09  1546.64     0.00  40000.0    200.0  1546.64     0.00  1.00000
 1505470  1036.74  1545.16     0.00  40000.0    200.0  1545.16     0.00  1.00000
 1506055  1036.39  1543.67     0.00  40000.0    200.0  1543.67     0.00  1.00000
 1506639  1036.04  1542.20     0.00  40000.0    200.0  1542.20     0.00  1.00000
 1507223  1035.69  1540.72     0.00  40000.0    200.0  1540.72     0.00  1.00000
 1507807  1035.35  1539.25     0.00  40000.0    200.0  1539.25     0.00  1.00000
 1508391  1035.00  1537.77     0.00  40000.0    200.0  1537.77     0.00  1.00000
 1508976  1034.64  1536.30     0.00  40000.0    200.0  1536.30     0.00  1.00000
 1509560  1034.29  1534.83     0.00  40000.0    200.0  1534.83     0.00  1.00000
 1510144  1033.94  1533.37     0.00  40000.0    200.0  1533.37     0.00  1.00000
 1510728  1033.58  1531.91     0.00  40000.0    200.0  1531.91     0.00  1.00000
 1511312  1033.23  1530.44     0.00  40000.0    200.0  1530.44     0.00  1.00000
 1511896  1032.88  1528.99     0.00  40000.0    200.0  1528.99     0.00  1.00000
 1512481  1032.53  1527.53     0.00  40000.0    200.0  1527.53     0.00  1.00000
 1513065  1032.18  1526.07     0.00  40000.0    200.0  1526.07     0.00  1.00000
 1513649  1031.82  1524.62     0.00  40000.0    200.0  1524.62     0.00  1.00000
 1514233  1031.47  1523.17     0.00  40000.0    200.0  1523.17     0.00  1.00000
 1514817  1031.12  1521.72     0.00  40000.0    200.0  1521.72     0.00  1.00000
 1515401  1030.76  1520.28     0.00  40000.0    200.0  1520.28     0.00  1.00000
 1515986  1030.41  1518.84     0.00  40000.0    200.0  1518.84     0.00  1.00000
 1516570  1030.06  1517.40     0.00  40000.0    200.0  1517.40     0.00  1.00000
 1517154  1029.70  1515.96     0.00  40000.0    200.0  1515.96     0.00  1.00000
 1517738  1029.34  1514.53     0.00  40000.0    200.0  1514.53     0.00  1.00000
 1518322  1028.99  1513.09     0.00  40000.0    200.0  1513.09     0.00  1.00000
 1518906  1028.63  1511.66     0.00  40000.0    200.0  1511.66     0.00  1.00000
 1519491  1028.28  1510.23     0.00  40000.0    200.0  1510.23     0.00  1.00000
 1520075  1027.92  1508.81     0.00  40000.0    200.0  1508.81     0.00  1.00000
 1520659  1027.55  1507.39     0.00  40000.0    200.0  1507.39     0.00  1.00000
 1521243  1027.19  1505.97     0.00  40000.0    200.0  1505.97     0.00  1.00000
 1521827  1026.84  1504.55     0.00  40000.0    200.0  1504.55     0.00  1.00000
 1522411  1026.48  1503.14     0.00  40000.0    200.0  1503.14     0.00  1.00000
 1522996  1026.12  1501.72     0.00  40000.0    200.0  1501.72     0.00  1.00000
 1523580  1025.76  1500.32     0.00  40000.0    200.0  1500.32     0.00  1.00000
 1524164  1025.40  1498.91     0.00  40000.0    200.0  1498.91     0.00  1.00000
 1524748  1025.04  1497.50     0.00  40000.0    200.0  1497.50     0.00  1.00000
 1525332  1024.68  1496.10     0.00  40000.0    200.0  1496.10     0.00  1.00000
 1525916  1024.32  1494.70     0.00  40000.0    200.0  1494.70     0.00  1.00000
 1526501  1023.96  1493.31     0.00  40000.0    200.0  1493.31     0.00  1.00000
 1527085  1023.60  1491.91     0.00  40000.0    200.0  1491.91     0.00  1.00000
 1527669  1023.24  1490.52     0.00  40000.0    200.0  1490.52     0.00  1.00000
 1528253  1022.88  1489.13     0.00  40000.0    200.0  1489.13     0.00  1.00000
 1528837  1022.51  1487.74     0.00  40000.0    200.0  1487.74     0.00  1.00000
 1529421  1022.15  1486.37     0.00  40000.0    200.0  1486.37     0.00  1.00000
 1530006  1021.79  1484.98     0.00  40000.0    200.0  1484.98     0.00  1.00000
 1530590  1021.42  1483.60     0.00  40000.0    200.0  1483.60     0.00  1.00000
 1531174  1021.06  1482.23     0.00  40000.0    200.0  1482.23     0.00  1.00000
 1531758  1020.69  1480.85     0.00  40000.0    200.0  1480.85     0.00  1.00000
 1532342  1020.32  1479.48     0.00  40000.0    200.0  1479.48     0.00  1.00000
 1532927  1019.96  1478.11     0.00  40000.0    200.0  1478.11     0.00  1.00000
 1533511  1019.59  1476.75     0.00  40000.0    200.0  1476.75     0.00  1.00000
 1534095  1019.23  1475.39     0.00  40000.0    200.0  1475.39     0.00  1.00000
 1534679  1018.86  1474.03     0.00  40000.0    200.0  1474.03     0.00  1.00000
 1535263  1018.49  1472.68     0.00  40000.0    200.0  1472.68     0.00  1.00000
 1535847  1018.13  1471.32     0.00  40000.0    200.0  1471.32     0.00  1.00000
 1536432  1017.76  1469.97     0.00  40000.0    200.0  1469.97     0.00  1.00000
 1537016  1017.39  1468.62     0.00  40000.0    200.0  1468.62     0.00  1.00000
 1537600  1017.03  1467.28     0.00  40000.0    200.0  1467.28     0.00  1.00000
 1538184  1016.65  1465.93     0.00  40000.0    200.0  1465.93     0.00  1.00000
 1538768  1016.29  1464.59     0.00  40000.0    200.0  1464.59     0.00  1.00000
 1539352  1015.91  1463.26     0.00  40000.0    200.0  1463.26     0.00  1.00000
 1539937  1015.55  1461.92     0.00  40000.0    200.0  1461.92     0.00  1.00000
 1540521  1015.18  1460.59     0.00  40000.0    200.0  1460.59     0.00  1.00000
 1541105  1014.80  1459.26     0.00  40000.0    200.0  1459.26     0.00  1.00000
 1541689  1014.44  1457.94     0.00  40000.0    200.0  1457.94     0.00  1.00000
 1542273  1014.07  1456.61     0.00  40000.0    200.0  1456.61     0.00  1.00000
 1542857  1013.69  1455.29     0.00  40000.0    200.0  1455.29     0.00  1.00000
 1543442  1013.32  1453.97     0.00  40000.0    200.0  1453.97     0.00  1.00000
 1544026  1012.94  1452.65     0.00  40000.0    200.0  1452.65     0.00  1.00000
 1544610  1012.58  1451.34     0.00  40000.0    200.0  1451.34     0.00  1.00000
 1545194  1012.21  1450.04     0.00  40000.0    200.0  1450.04     0.00  1.00000
 1545778  1011.83  1448.73     0.00  40000.0    200.0  1448.73     0.00  1.00000
 1546362  1011.46  1447.42     0.00  40000.0    200.0  1447.42     0.00  1.00000
 1546947  1011.08  1446.12     0.00  40000.0    200.0  1446.12     0.00  1.00000
 1547531  1010.71  1444.82     0.00  40000.0    200.0  1444.82     0.00  1.00000
 1548115  1010.34  1443.53     0.00  40000.0    200.0  1443.53     0.00  1.00000
 1548699  1009.95  1442.23     0.00  40000.0    200.0  1442.23     0.00  1.00000
 1549283  1009.58  1440.94     0.00  40000.0    200.0  1440.94     0.00  1.00000
 1549867  1009.20  1439.65     0.00  40000.0    200.0  1439.65     0.00  1.00000
 1550452  1008.83  1438.37     0.00  40000.0    200.0  1438.37     0.00  1.00000
 1551036  1008.46  1437.08     0.00  40000.0    200.0  1437.08     0.00  1.00000
 1551620  1008.07  1435.81     0.00  40000.0    200.0  1435.81     0.00  1.00000
 1552204  1007.70  1434.53     0.00  40000.0    200.0  1434.53     0.00  1.00000
 1552788  1007.31  1433.26     0.00  40000.0    200.0  1433.26     0.00  1.00000
 1553372  1006.94  1431.98     0.00  40000.0    200.0  1431.98     0.00  1.00000
 1553957  1006.56  1430.71     0.00  40000.0    200.0  1430.71     0.00  1.00000
 1554541  1006.18  1429.44     0.00  40000.0    200.0  1429.44     0.00  1.00000
 1555125  1005.81  1428.18     0.00  40000.0    200.0  1428.18     0.00  1.00000
 1555125   919.93  3857.86  1960.65  40000.0    200.0  3857.86  1960.65  1.00000
 1555158   919.93  3857.83  1960.63  40000.0    200.0  3857.83  1960.63  1.00000
 1555191   919.93  3857.80  1960.62  40000.0    200.0  3857.80  1960.62  1.00000
 1555224   919.92  3857.77  1960.60  40000.0    200.0  3857.77  1960.60  1.00000
 1555257   919.92  3857.74  1960.59  40000.0    200.0  3857.74  1960.59  1.00000
 1555290   919.91  3857.71  1960.57  40000.0    200.0  3857.71  1960.57  1.00000
 1555323   919.91  3857.68  1960.55  40000.0    200.0  3857.68  1960.55  1.00000
 1555356   919.90  3857.65  1960.54  40000.0    200.0  3857.65  1960.54  1.00000
 1555389   919.90  3857.62  1960.52  40000.0    200.0  3857.62  1960.52  1.00000
 1555422   919.90  3857.59  1960.51  40000.0    200.0  3857.59  1960.51  1.00000
 1555455   919.89  3857.56  1960.49  40000.0    200.0  3857.56  1960.49  1.00000
 1555488   919.89  3857.53  1960.48  40000.0    200.0  3857.53  1960.48  1.00000
 1555521   919.88  3857.50  1960.46  40000.0    200.0  3857.50  1960.46  1.00000
 1555554   919.88  3857.47  1960.44  40000.0    200.0  3857.47  1960.44  1.00000
 1555587   919.88  3857.44  1960.43  40000.0    200.0  3857.44  1960.43  1.00000
 1555620   919.87  3857.40  1960.41  40000.0    200.0  3857.40  1960.41  1.00000
 1555653   919.87  3857.37  1960.40  40000.0    200.0  3857.37  1960.40  1.00000
 1555686   919.86  3857.34  1960.38  40000.0    200.0  3857.34  1960.38  1.00000
 1555719   919.86  3857.31  1960.36  40000.0    200.0  3857.31  1960.36  1.00000
 1555753   919.86  3857.28  1960.35  40000.0    200.0  3857.28  1960.35  1.00000
 1555786   919.85  3857.25  1960.33  40000.0    200.0  3857.25  1960.33  1.00000
 1555819   919.85  3857.22  1960.32  40000.0    200.0  3857.22  1960.32  1.00000
 1555852   919.84  3857.19  1960.30  40000.0    200.0  3857.19  1960.30  1.00000
 1555885   919.84  3857.16  1960.28  40000.0    200.0  3857.16  1960.28  1.00000
 1555918   919.84  3857.13  1960.27  40000.0    200.0  3857.13  1960.27  1.00000
 1555951   919.83  3857.10  1960.25  40000.0    200.0  3857.10  1960.25  1.00000
 1555984   919.83  3857.06  1960.24  40000.0    200.0  3857.06  1960.24  1.00000
 1556017   919.82  3857.03  1960.22  40000.0    200.0  3857.03  1960.22  1.00000
 1556050   919.82  3857.00  1960.21  40000.0    200.0  3857.00  1960.21  1.00000
 1556083   919.81  3856.97  1960.19  40000.0    200.0  3856.97  1960.19  1.00000
 1556116   919.81  3856.94  1960.18  40000.0    200.0  3856.94  1960.18  1.00000
 1556149   919.81  3856.91  1960.16  40000.0    200.0  3856.91  1960.16  1.00000
 1556182   919.80  3856.88  1960.15  40000.0    200.0  3856.88  1960.15  1.00000
 1556215   919.80  3856.85  1960.14  40000.0    200.0  3856.85  1960.14  1.00000
 1556248   919.79  3856.82  1960.12  40000.0    200.0  3856.82  1960.12  1.00000
 1556281   919.79  3856.79  1960.11  40000.0    200.0  3856.79  1960.11  1.00000
 1556314   919.79  3856.76  1960.09  40000.0    200.0  3856.76  1960.09  1.00000
 1556347   919.78  3856.73  1960.07  40000.0    200.0  3856.73  1960.07  1.00000
 1556380   919.78  3856.70  1960.06  40000.0    200.0  3856.70  1960.06  1.00000
 1556413   919.77  3856.66  1960.04  40000.0    200.0  3856.66  1960.04  1.00000
 1556446   919.77  3856.63  1960.03  40000.0    200.0  3856.63  1960.03  1.00000
 1556479   919.77  3856.60  1960.01  40000.0    200.0  3856.60  1960.01  1.00000
 1556512   919.76  3856.57  1959.99  40000.0    200.0  3856.57  1959.99  1.00000
 1556545   919.76  3856.54  1959.98  40000.0    200.0  3856.54  1959.98  1.00000
 1556578   919.75  3856.51  1959.96  40000.0    200.0  3856.51  1959.96  1.00000
 1556611   919.75  3856.48  1959.95  40000.0    200.0  3856.48  1959.95  1.00000
 1556644   919.75  3856.45  1959.93  40000.0    200.0  3856.45  1959.93  1.00000
 1556677   919.74  3856.42  1959.91  40000.0    200.0  3856.42  1959.91  1.00000
 1556710   919.74  3856.39  1959.90  40000.0    200.0  3856.39  1959.90  1.00000
 1556743   919.73  3856.36  1959.88  40000.0    200.0  3856.36  1959.88  1.00000
 1556776   919.73  3856.33  1959.87  40000.0    200.0  3856.33  1959.87  1.00000
 1556809   919.72  3856.30  1959.85  40000.0    200.0  3856.30  1959.85  1.00000
 1556842   919.72  3856.26  1959.84  40000.0    200.0  3856.26  1959.84  1.00000
 1556875   919.72  3856.23  1959.82  40000.0    200.0  3856.23  1959.82  1.00000
 1556908   919.71  3856.20  1959.80  40000.0    200.0  3856.20  1959.80  1.00000
 1556941   919.71  3856.17  1959.79  40000.0    200.0  3856.17  1959.79  1.00000
 1556974   919.70  3856.14  1959.77  40000.0    200.0  3856.14  1959.77  1.00000
 1557008   919.70  3856.11  1959.76  40000.0    200.0  3856.11  1959.76  1.00000
 1557041   919.70  3856.08  1959.74  40000.0    200.0  3856.08  1959.74  1.00000
 1557074   919.69  3856.05  1959.72  40000.0    200.0  3856.05  1959.72  1.00000
 1557107   919.69  3856.02  1959.71  40000.0    200.0  3856.02  1959.71  1.00000
 1557140   919.68  3855.99  1959.69  40000.0    200.0  3855.99  1959.69  1.00000
 1557173   919.68  3855.96  1959.68  40000.0    200.0  3855.96  1959.68  1.00000
 1557206   919.68  3855.93  1959.66  40000.0    200.0  3855.93  1959.66  1.00000
 1557239   919.67  3855.90  1959.65  40000.0    200.0  3855.90  1959.65  1.00000
 1557272   919.67  3855.87  1959.63  40000.0    200.0  3855.87  1959.63  1.00000
 1557305   919.66  3855.84  1959.61  40000.0    200.0  3855.84  1959.61  1.00000
 1557338   919.66  3855.81  1959.60  40000.0    200.0  3855.81  1959.60  1.00000
 1557371   919.66  3855.77  1959.58  40000.0    200.0  3855.77  1959.58  1.00000
 1557404   919.65  3855.74  1959.57  40000.0    200.0  3855.74  1959.57  1.00000
 1557437   919.65  3855.71  1959.55  40000.0    200.0  3855.71  1959.55  1.00000
 1557470   919.64  3855.68  1959.53  40000.0    200.0  3855.68  1959.53  1.00000
 1557503   919.64  3855.65  1959.52  40000.0    200.0  3855.65  1959.52  1.00000
 1557536   919.63  3855.62  1959.50  40000.0    200.0  3855.62  1959.50  1.00000
 1557569   919.63  3855.59  1959.49  40000.0    200.0  3855.59  1959.49  1.00000
 1557602   919.63  3855.56  1959.47  40000.0    200.0  3855.56  1959.47  1.00000
 1557635   919.62  3855.53  1959.46  40000.0    200.0  3855.53  1959.46  1.00000
 1557668   919.62  3855.50  1959.45  40000.0    200.0  3855.50  1959.45  1.00000
 1557701   919.61  3855.46  1959.43  40000.0    200.0  3855.46  1959.43  1.00000
 1557734   919.61  3855.43  1959.42  40000.0    200.0  3855.43  1959.42  1.00000
 1557767   919.61  3855.40  1959.40  40000.0    200.0  3855.40  1959.40  1.00000
 1557800   919.60  3855.37  1959.39  40000.0    200.0  3855.37  1959.39  1.00000
 1557833   919.60  3855.34  1959.37  40000.0    200.0  3855.34  1959.37  1.00000
 1557866   919.59  3855.31  1959.35  40000.0    200.0  3855.31  1959.35  1.00000
 1557899   919.59  3855.28  1959.34  40000.0    200.0  3855.28  1959.34  1.00000
 1557932   919.59  3855.25  1959.32  40000.0    200.0  3855.25  1959.32  1.00000
 1557965   919.58  3855.22  1959.31  40000.0    200.0  3855.22  1959.31  1.00000
 1557998   919.58  3855.19  1959.29  40000.0    200.0  3855.19  1959.29  1.00000
 1558031   919.57  3855.16  1959.27  40000.0    200.0  3855.16  1959.27  1.00000
 1558064   919.57  3855.13  1959.26  40000.0    200.0  3855.13  1959.26  1.00000
 1558097   919.56  3855.10  1959.24  40000.0    200.0  3855.10  1959.24  1.00000
 1558130   919.56  3855.07  1959.23  40000.0    200.0  3855.07  1959.23  1.00000
 1558163   919.56  3855.04  1959.21  40000.0    200.0  3855.04  1959.21  1.00000
 1558196   919.55  3855.01  1959.20  40000.0    200.0  3855.01  1959.20  1.00000
 1558230   919.55  3854.98  1959.18  40000.0    200.0  3854.98  1959.18  1.00000
 1558263   919.54  3854.95  1959.16  40000.0    200.0  3854.95  1959.16  1.00000
 1558296   919.54  3854.92  1959.15  40000.0    200.0  3854.92  1959.15  1.00000
 1558329   919.54  3854.88  1959.13  40000.0    200.0  3854.88  1959.13  1.00000
 1558362   919.53  3854.85  1959.12  40000.0    200.0  3854.85  1959.12  1.00000
 1558395   919.53  3854.82  1959.10  40000.0    200.0  3854.82  1959.10  1.00000
 1558428   919.52  3854.79  1959.08  40000.0    200.0  3854.79  1959.08  1.00000
 1558461   919.52  3854.76  1959.07  40000.0    200.0  3854.76  1959.07  1.00000
 1558494   919.52  3854.73  1959.05  40000.0    200.0  3854.73  1959.05  1.00000
 1558527   919.51  3854.69  1959.04  40000.0    200.0  3854.69  1959.04  1.00000
 1558560   919.51  3854.66  1959.02  40000.0    200.0  3854.66  1959.02  1.00000
 1558593   919.50  3854.63  1959.00  40000.0    200.0  3854.63  1959.00  1.00000
 1558626   919.50  3854.60  1958.99  40000.0    200.0  3854.60  1958.99  1.00000
 1558659   919.50  3854.57  1958.97  40000.0    200.0  3854.57  1958.97  1.00000
 1558692   919.49  3854.54  1958.96  40000.0    200.0  3854.54  1958.96  1.00000
 1558725   919.49  3854.51  1958.94  40000.0    200.0  3854.51  1958.94  1.00000
 1558758   919.48  3854.48  1958.93  40000.0    200.0  3854.48  1958.93  1.00000
 1558791   919.48  3854.45  1958.91  40000.0    200.0  3854.45  1958.91  1.00000
 1558824   919.47  3854.42  1958.90  40000.0    200.0  3854.42  1958.90  1.00000
 1558857   919.47  3854.39  1958.88  40000.0    200.0  3854.39  1958.88  1.00000
 1558890   919.47  3854.36  1958.87  40000.0    200.0  3854.36  1958.87  1.00000
 1558923   919.46  3854.33  1958.85  40000.0    200.0  3854.33  1958.85  1.00000
 1558956   919.46  3854.30  1958.84  40000.0    200.0  3854.30  1958.84  1.00000
 1558989   919.45  3854.27  1958.82  40000.0    200.0  3854.27  1958.82  1.00000
 1559022   919.45  3854.24  1958.81  40000.0    200.0  3854.24  1958.81  1.00000
 1559055   919.45  3854.21  1958.79  40000.0    200.0  3854.21  1958.79  1.00000
 1559088   919.44  3854.18  1958.78  40000.0    200.0  3854.18  1958.78  1.00000
 1559121   919.44  3854.15  1958.76  40000.0    200.0  3854.15  1958.76  1.00000
 1559154   919.43  3854.12  1958.75  40000.0    200.0  3854.12  1958.75  1.00000
 1559187   919.43  3854.09  1958.73  40000.0    200.0  3854.09  1958.73  1.00000
 1559220   919.43  3854.06  1958.71  40000.0    200.0  3854.06  1958.71  1.00000
 1559253   919.42  3854.03  1958.70  40000.0    200.0  3854.03  1958.70  1.00000
 1559286   919.42  3854.00  1958.68  40000.0    200.0  3854.00  1958.68  1.00000
 1559319   919.41  3853.96  1958.67  40000.0    200.0  3853.96  1958.67  1.00000
 1559352   919.41  3853.93  1958.65  40000.0    200.0  3853.93  1958.65  1.00000
 1559385   919.41  3853.90  1958.63  40000.0    200.0  3853.90  1958.63  1.00000
 1559418   919.40  3853.87  1958.62  40000.0    200.0  3853.87  1958.62  1.00000
 1559452   919.40  3853.84  1958.60  40000.0    200.0  3853.84  1958.60  1.00000
 1559485   919.39  3853.80  1958.59  40000.0    200.0  3853.80  1958.59  1.00000
 1559518   919.39  3853.77  1958.57  40000.0    200.0  3853.77  1958.57  1.00000
 1559551   919.38  3853.74  1958.56  40000.0    200.0  3853.74  1958.56  1.00000
 1559584   919.38  3853.71  1958.54  40000.0    200.0  3853.71  1958.54  1.00000
 1559617   919.38  3853.68  1958.52  40000.0    200.0  3853.68  1958.52  1.00000
 1559650   919.37  3853.65  1958.51  40000.0    200.0  3853.65  1958.51  1.00000
 1559683   919.37  3853.62  1958.49  40000.0    200.0  3853.62  1958.49  1.00000
 1559716   919.36  3853.59  1958.48  40000.0    200.0  3853.59  1958.48  1.00000
 1559749   919.36  3853.56  1958.46  40000.0    200.0  3853.56  1958.46  1.00000
 1559782   919.36  3853.53  1958.44  40000.0    200.0  3853.53  1958.44  1.00000
 1559815   919.35  3853.50  1958.43  40000.0    200.0  3853.50  1958.43  1.00000
 1559848   919.35  3853.47  1958.41  40000.0    200.0  3853.47  1958.41  1.00000
 1559881   919.34  3853.44  1958.40  40000.0    200.0  3853.44  1958.40  1.00000
 1559914   919.34  3853.41  1958.38  40000.0    200.0  3853.41  1958.38  1.00000
 1559947   919.34  3853.38  1958.36  40000.0    200.0  3853.38  1958.36  1.00000
 1559980   919.33  3853.35  1958.35  40000.0    200.0  3853.35  1958.35  1.00000
 1560013   919.33  3853.32  1958.33  40000.0    200.0  3853.32  1958.33  1.00000
 1560046   919.32  3853.29  1958.32  40000.0    200.0  3853.29  1958.32  1.00000
 1560079   919.32  3853.26  1958.30  40000.0    200.0  3853.26  1958.30  1.00000
 1560112   919.32  3853.23  1958.29  40000.0    200.0  3853.23  1958.29  1.00000
 1560145   919.31  3853.20  1958.28  40000.0    200.0  3853.20  1958.28  1.00000
 1560178   919.31  3853.17  1958.26  40000.0    200.0  3853.17  1958.26  1.00000
 1560211   919.30  3853.14  1958.25  40000.0    200.0  3853.14  1958.25  1.00000
 1560244   919.30  3853.11  1958.23  40000.0    200.0  3853.11  1958.23  1.00000
 1560277   919.29  3853.07  1958.22  40000.0    200.0  3853.07  1958.22  1.00000
 1560310   919.29  3853.04  1958.20  40000.0    200.0  3853.04  1958.20  1.00000
 1560343   919.29  3853.01  1958.19  40000.0    200.0  3853.01  1958.19  1.00000
 1560376   919.28  3852.98  1958.17  40000.0    200.0  3852.98  1958.17  1.00000
 1560409   919.28  3852.95  1958.15  40000.0    200.0  3852.95  1958.15  1.00000
 1560442   919.27  3852.91  1958.14  40000.0    200.0  3852.91  1958.14  1.00000
 1560475   919.27  3852.88  1958.12  40000.0    200.0  3852.88  1958.12  1.00000
 1560508   919.27  3852.85  1958.11  40000.0    200.0  3852.85  1958.11  1.00000
 1560541   919.26  3852.82  1958.09  40000.0    200.0  3852.82  1958.09  1.00000
 1560574   919.26  3852.78  1958.07  40000.0    200.0  3852.78  1958.07  1.00000
 1560607   919.25  3852.74  1958.05  40000.0    200.0  3852.74  1958.05  1.00000
 1560640   919.25  3852.70  1958.03  40000.0    200.0  3852.70  1958.03  1.00000
 1560673   919.24  3852.67  1958.01  40000.0    200.0  3852.67  1958.01  1.00000
 1560707   919.24  3852.64  1958.00  40000.0    200.0  3852.64  1958.00  1.00000
 1560740   919.24  3852.63  1957.99  40000.0    200.0  3852.63  1957.99  1.00000
 1560773   919.25  3852.95  1958.15  40000.0    200.0  3852.95  1958.15  1.00000
 1560806   919.34  3854.41  1958.89  40000.0    200.0  3854.41  1958.89  1.00000
 1560839   919.47  3856.80  1960.11  40000.0    200.0  3856.80  1960.11  1.00000
 1560872   919.65  3859.83  1961.65  40000.0    200.0  3859.83  1961.65  1.00000
 1560905   919.84  3863.23  1963.38  40000.0    200.0  3863.23  1963.38  1.00000
 1560938   920.04  3866.69  1965.14  40000.0    200.0  3866.69  1965.14  1.00000
 1560971   920.22  3869.94  1966.79  40000.0    200.0  3869.94  1966.79  1.00000
 1561004   920.37  3872.68  1968.18  40000.0    200.0  3872.68  1968.18  1.00000
 1561037   920.51  3875.13  1969.43  40000.0    200.0  3875.13  1969.43  1.00000
 1561070   920.64  3877.53  1970.64  40000.0    200.0  3877.53  1970.64  1.00000
 1561103   920.78  3879.89  1971.84  40000.0    200.0  3879.89  1971.84  1.00000
 1561136   920.91  3882.22  1973.03  40000.0    200.0  3882.22  1973.03  1.00000
 1561169   921.04  3884.55  1974.21  40000.0    200.0  3884.55  1974.21  1.00000
 1561202   921.16  3886.88  1975.40  40000.0    200.0  3886.88  1975.40  1.00000
 1561235   921.29  3889.23  1976.59  40000.0    200.0  3889.23  1976.59  1.00000
 1561268   921.42  3891.60  1977.80  40000.0    200.0  3891.60  1977.80  1.00000
 1561301   921.55  3893.98  1979.01  40000.0    200.0  3893.98  1979.01  1.00000
 1561334   921.69  3896.37  1980.22  40000.0    200.0  3896.37  1980.22  1.00000
 1561367   921.82  3898.75  1981.43  40000.0    200.0  3898.75  1981.43  1.00000
 1561400   921.95  3901.14  1982.64  40000.0    200.0  3901.14  1982.64  1.00000
 1561433   922.08  3903.53  1983.86  40000.0    200.0  3903.53  1983.86  1.00000
 1561466   922.21  3905.93  1985.07  40000.0    200.0  3905.93  1985.07  1.00000
 1561499   922.34  3908.32  1986.29  40000.0    200.0  3908.32  1986.29  1.00000
 1561532   922.47  3910.71  1987.51  40000.0    200.0  3910.71  1987.51  1.00000
 1561565   922.59  3913.11  1988.73  40000.0    200.0  3913.11  1988.73  1.00000
 1561598   922.72  3915.51  1989.95  40000.0    200.0  3915.51  1989.95  1.00000
 1561631   922.85  3917.91  1991.17  40000.0    200.0  3917.91  1991.17  1.00000
 1561664   922.98  3920.32  1992.39  40000.0    200.0  3920.32  1992.39  1.00000
 1561697   923.11  3922.72  1993.61  40000.0    200.0  3922.72  1993.61  1.00000
 1561730   923.24  3925.12  1994.83  40000.0    200.0  3925.12  1994.83  1.00000
 1561763   923.37  3927.52  1996.05  40000.0    200.0  3927.52  1996.05  1.00000
 1561796   923.49  3929.93  1997.28  40000.0    200.0  3929.93  1997.28  1.00000
 1561829   923.62  3932.33  1998.50  40000.0    200.0  3932.33  1998.50  1.00000
 1561862   923.75  3934.73  1999.72  40000.0    200.0  3934.73  1999.72  1.00000
 1561895   923.87  3937.14  2000.94  40000.0    200.0  3937.14  2000.94  1.00000
 1561929   924.00  3939.54  2002.16  40000.0    200.0  3939.54  2002.16  1.00000
 1561962   924.13  3941.95  2003.38  40000.0    200.0  3941.95  2003.38  1.00000
 1561995   924.25  3944.35  2004.60  40000.0    200.0  3944.35  2004.60  1.00000
 1562028   924.38  3946.74  2005.82  40000.0    200.0  3946.74  2005.82  1.00000
 1562061   924.50  3949.14  2007.04  40000.0    200.0  3949.14  2007.04  1.00000
 1562094   924.63  3951.54  2008.26  40000.0    200.0  3951.54  2008.26  1.00000
 1562127   924.75  3953.94  2009.47  40000.0    200.0  3953.94  2009.47  1.00000
 1562160   924.88  3956.33  2010.69  40000.0    200.0  3956.33  2010.69  1.00000
 1562193   925.00  3958.72  2011.91  40000.0    200.0  3958.72  2011.91  1.00000
 1562226   925.12  3961.11  2013.12  40000.0    200.0  3961.11  2013.12  1.00000
 1562259   925.24  3963.49  2014.33  40000.0    200.0  3963.49  2014.33  1.00000
 1562292   925.37  3965.87  2015.54  40000.0    200.0  3965.87  2015.54  1.00000
 1562325   925.49  3968.25  2016.75  40000.0    200.0  3968.25  2016.75  1.00000
 1562358   925.61  3970.63  2017.96  40000.0    200.0  3970.63  2017.96  1.00000
 1562391   925.73  3973.00  2019.16  40000.0    200.0  3973.00  2019.16  1.00000
 1562424   925.85  3975.37  2020.37  40000.0    200.0  3975.37  2020.37  1.00000
 1562457   925.97  3977.73  2021.57  40000.0    200.0  3977.73  2021.57  1.00000
 1562490   926.09  3980.09  2022.77  40000.0    200.0  3980.09  2022.77  1.00000
 1562523   926.21  3982.44  2023.96  40000.0    200.0  3982.44  2023.96  1.00000
 1562556   926.33  3984.78  2025.15  40000.0    200.0  3984.78  2025.15  1.00000
 1562589   926.45  3987.13  2026.35  40000.0    200.0  3987.13  2026.35  1.00000
 1562622   926.56  3989.46  2027.53  40000.0    200.0  3989.46  2027.53  1.00000
 1562655   926.68  3991.79  2028.72  40000.0    200.0  3991.79  2028.72  1.00000
 1562688   926.80  3994.12  2029.90  40000.0    200.0  3994.12  2029.90  1.00000
 1562721   926.91  3996.43  2031.08  40000.0    200.0  3996.43  2031.08  1.00000
 1562754   927.03  3998.74  2032.25  40000.0    200.0  3998.74  2032.25  1.00000
 1562787   927.14  4001.04  2033.42  40000.0    200.0  4001.04  2033.42  1.00000
 1562820   927.25  4003.34  2034.58  40000.0    200.0  4003.34  2034.58  1.00000
 1562853   927.37  4005.62  2035.74  40000.0    200.0  4005.62  2035.74  1.00000
 1562886   927.48  4007.90  2036.90  40000.0    200.0  4007.90  2036.90  1.00000
 1562919   927.59  4010.18  2038.05  40000.0    200.0  4010.18  2038.05  1.00000
 1562952   927.70  4012.44  2039.20  40000.0    200.0  4012.44  2039.20  1.00000
 1562985   927.81  4014.69  2040.35  40000.0    200.0  4014.69  2040.35  1.00000
 1563018   927.92  4016.93  2041.48  40000.0    200.0  4016.93  2041.48  1.00000
 1563051   928.03  4019.16  2042.62  40000.0    200.0  4019.16  2042.62  1.00000
 1563084   928.14  4021.38  2043.75  40000.0    200.0  4021.38  2043.75  1.00000
 1563117   928.25  4023.59  2044.87  40000.0    200.0  4023.59  2044.87  1.00000
 1563151   928.36  4025.80  2045.99  40000.0    200.0  4025.80  2045.99  1.00000
 1563184   928.46  4027.99  2047.11  40000.0    200.0  4027.99  2047.11  1.00000
 1563217   928.57  4030.17  2048.22  40000.0    200.0  4030.17  2048.22  1.00000
 1563250   928.67  4032.33  2049.32  40000.0    200.0  4032.33  2049.32  1.00000
 1563283   928.78  4034.49  2050.41  40000.0    200.0  4034.49  2050.41  1.00000
 1563316   928.88  4036.63  2051.50  40000.0    200.0  4036.63  2051.50  1.00000
 1563349   928.98  4038.76  2052.58  40000.0    200.0  4038.76  2052.58  1.00000
 1563382   929.08  4040.88  2053.66  40000.0    200.0  4040.88  2053.66  1.00000
 1563415   929.18  4042.99  2054.73  40000.0    200.0  4042.99  2054.73  1.00000
 1563448   929.28  4045.08  2055.79  40000.0    200.0  4045.08  2055.79  1.00000
 1563481   929.38  4047.16  2056.85  40000.0    200.0  4047.16  2056.85  1.00000
 1563514   929.48  4049.22  2057.90  40000.0    200.0  4049.22  2057.90  1.00000
 1563547   929.57  4051.26  2058.94  40000.0    200.0  4051.26  2058.94  1.00000
 1563580   929.67  4053.30  2059.97  40000.0    200.0  4053.30  2059.97  1.00000
 1563613   929.76  4055.32  2061.00  40000.0    200.0  4055.32  2061.00  1.00000
 1563646   929.86  4057.32  2062.02  40000.0    200.0  4057.32  2062.02  1.00000
 1563679   929.95  4059.31  2063.03  40000.0    200.0  4059.31  2063.03  1.00000
 1563712   930.04  4061.28  2064.03  40000.0    200.0  4061.28  2064.03  1.00000
 1563745   930.13  4063.23  2065.02  40000.0    200.0  4063.23  2065.02  1.00000
 1563778   930.22  4065.16  2066.00  40000.0    200.0  4065.16  2066.00  1.00000
 1563811   930.31  4067.08  2066.98  40000.0    200.0  4067.08  2066.98  1.00000
 1563844   930.40  4068.98  2067.94  40000.0    200.0  4068.98  2067.94  1.00000
 1563877   930.49  4070.87  2068.90  40000.0    200.0  4070.87  2068.90  1.00000
 1563910   930.57  4072.74  2069.85  40000.0    200.0  4072.74  2069.85  1.00000
 1563943   930.66  4074.59  2070.79  40000.0    200.0  4074.59  2070.79  1.00000
 1563976   930.74  4076.42  2071.72  40000.0    200.0  4076.42  2071.72  1.00000
 1564009   930.82  4078.22  2072.63  40000.0    200.0  4078.22  2072.63  1.00000
 1564042   930.90  4080.01  2073.54  40000.0    200.0  4080.01  2073.54  1.00000
 1564075   930.98  4081.78  2074.44  40000.0    200.0  4081.78  2074.44  1.00000
 1564108   931.06  4083.53  2075.33  40000.0    200.0  4083.53  2075.33  1.00000
 1564141   931.14  4085.27  2076.21  40000.0    200.0  4085.27  2076.21  1.00000
 1564174   931.22  4086.98  2077.08  40000.0    200.0  4086.98  2077.08  1.00000
 1564207   931.29  4088.67  2077.94  40000.0    200.0  4088.67  2077.94  1.00000
 1564240   931.37  4090.33  2078.79  40000.0    200.0  4090.33  2078.79  1.00000
 1564273   931.44  4091.97  2079.62  40000.0    200.0  4091.97  2079.62  1.00000
 1564306   931.51  4093.59  2080.45  40000.0    200.0  4093.59  2080.45  1.00000
 1564339   931.58  4095.20  2081.26  40000.0    200.0  4095.20  2081.26  1.00000
 1564372   931.65  4096.78  2082.07  40000.0    200.0  4096.78  2082.07  1.00000
 1564406   931.72  4098.34  2082.86  40000.0    200.0  4098.34  2082.86  1.00000
 1564439   931.78  4099.87  2083.64  40000.0    200.0  4099.87  2083.64  1.00000
 1564472   931.85  4101.38  2084.41  40000.0    200.0  4101.38  2084.41  1.00000
 1564505   931.91  4102.86  2085.16  40000.0    200.0  4102.86  2085.16  1.00000
 1564538   931.98  4104.33  2085.91  40000.0    200.0  4104.33  2085.91  1.00000
 1564571   932.04  4105.77  2086.64  40000.0    200.0  4105.77  2086.64  1.00000
 1564604   932.10  4107.19  2087.36  40000.0    200.0  4107.19  2087.36  1.00000
 1564637   932.16  4108.58  2088.07  40000.0    200.0  4108.58  2088.07  1.00000
 1564670   932.21  4109.95  2088.77  40000.0    200.0  4109.95  2088.77  1.00000
 1564703   932.27  4111.30  2089.45  40000.0    200.0  4111.30  2089.45  1.00000
 1564736   932.33  4112.61  2090.12  40000.0    200.0  4112.61  2090.12  1.00000
 1564769   932.38  4113.90  2090.77  40000.0    200.0  4113.90  2090.77  1.00000
 1564802   932.43  4115.16  2091.41  40000.0    200.0  4115.16  2091.41  1.00000
 1564835   932.48  4116.40  2092.04  40000.0    200.0  4116.40  2092.04  1.00000
 1564868   932.53  4117.62  2092.66  40000.0    200.0  4117.62  2092.66  1.00000
 1564901   932.58  4118.81  2093.27  40000.0    200.0  4118.81  2093.27  1.00000
 1564934   932.63  4119.98  2093.86  40000.0    200.0  4119.98  2093.86  1.00000
 1564967   932.67  4121.12  2094.44  40000.0    200.0  4121.12  2094.44  1.00000
 1565000   932.72  4122.24  2095.01  40000.0    200.0  4122.24  2095.01  1.00000
