197.277297 3.592623
193.835789 3.597105
190.508087 3.601648
187.288680 3.606211
184.172340 3.610764
181.154235 3.615280
178.229800 3.619742
175.394840 3.624134
172.645346 3.628445
169.977604 3.632668
167.388053 3.636797
164.873421 3.640829
162.430533 3.644763
160.056468 3.648599
157.748388 3.652336
155.503655 3.655978
153.319772 3.659526
151.194345 3.662983
149.125105 3.666352
147.109901 3.669636
145.146708 3.672840
143.233561 3.675966
141.368632 3.679018
139.550124 3.682000
137.776402 3.684915
136.045852 3.687767
134.356918 3.690558
132.708189 3.693293
131.098231 3.695974
129.525743 3.698603
127.989433 3.701185
126.488117 3.703721
125.020613 3.706214
123.585808 3.708665
122.182636 3.711078
120.810080 3.713454
119.467176 3.715795
118.152962 3.718103
116.866555 3.720379
115.607097 3.722625
114.373762 3.724842
113.165736 3.727031
111.982284 3.729193
110.822652 3.731330
109.686142 3.733442
108.572092 3.735530
107.479833 3.737595
106.408732 3.739637
105.358213 3.741657
104.327679 3.743656
103.316576 3.745633
102.324359 3.747590
101.350516 3.749526
100.394551 3.751442
99.452613 3.753141
98.531098 3.755021
97.626028 3.756882
96.736965 3.758722
95.863582 3.760543
95.005377 3.762344
94.162047 3.764125
93.333122 3.765886
92.518321 3.767628
91.717203 3.769350
90.929591 3.771052
90.154985 3.772734
89.393066 3.774395
88.643681 3.776037
87.906446 3.777658
87.180994 3.779258
86.467193 3.780838
85.764691 3.782397
85.073223 3.783935
84.392530 3.785453
83.722363 3.786949
83.062549 3.788424
82.412783 3.789877
81.772835 3.791309
81.142552 3.792719
80.521651 3.794108
79.909989 3.795475
79.307361 3.796819
78.713506 3.798142
78.128296 3.799443
77.551543 3.800722
76.983064 3.801978
76.422626 3.803212
75.870174 3.804424
75.325481 3.805614
74.788386 3.806781
74.258676 3.807925
73.736362 3.809048
73.221129 3.810147
72.712942 3.811225
72.211603 3.812280
71.716976 3.813313
71.228978 3.814323
70.747475 3.815311
70.272291 3.816277
69.803350 3.817220
69.340530 3.818141
68.883664 3.819041
68.432686 3.819918
67.987482 3.820773
67.547942 3.821606
67.113959 3.822418
66.685428 3.823208
66.262290 3.823976
65.844358 3.824723
65.431623 3.825449
65.023945 3.826153
64.621232 3.826836
64.223395 3.827498
63.830385 3.828140
63.442115 3.828760
63.058461 3.829360
62.679381 3.829940
62.304752 3.830499
61.934538 3.831038
61.568659 3.831557
61.207002 3.832057
60.849532 3.832536
60.496214 3.832996
60.146903 3.833437
59.801566 3.833858
59.460138 3.834261
59.122585 3.834644
58.788775 3.835009
58.458713 3.835355
58.132302 3.835683
57.809483 3.835992
57.490196 3.836284
57.174417 3.836557
56.862056 3.836813
56.553089 3.837052
56.247430 3.837272
55.945057 3.837476
55.645918 3.837663
55.349931 3.837832
55.057045 3.837985
54.767272 3.838121
54.480504 3.838241
54.196723 3.838345
53.915855 3.838433
53.637911 3.838504
53.362818 3.838560
53.090504 3.838601
52.820984 3.838625
52.554158 3.838635
52.290042 3.838630
52.028541 3.838609
51.769668 3.838574
51.513359 3.838524
51.259602 3.838459
51.008307 3.838380
50.759489 3.838287
50.513087 3.838180
50.269090 3.838059
50.027415 3.837924
49.788102 3.837775
49.551067 3.837613
49.316279 3.837437
49.083729 3.837249
48.853363 3.837047
48.625172 3.836832
48.399126 3.836604
48.175173 3.836363
47.953305 3.836110
47.733494 3.835845
47.515690 3.835567
47.299908 3.835276
47.086078 3.834974
46.874194 3.834660
46.664209 3.834333
46.456140 3.833995
46.249939 3.833646
46.045561 3.833284
45.843023 3.832912
45.642280 3.832527
45.443288 3.832132
45.246064 3.831725
45.050565 3.831308
44.856768 3.830879
44.664651 3.830440
44.474213 3.829989
44.285391 3.829528
44.098205 3.829057
43.912614 3.828575
43.728617 3.828082
43.546155 3.827580
43.365247 3.827067
43.185874 3.826543
43.007996 3.826010
42.831597 3.825467
42.656675 3.824914
42.483194 3.824350
42.311154 3.823778
42.140519 3.823195
41.971291 3.822603
41.803434 3.822001
41.636948 3.821389
41.471818 3.820769
41.308010 3.820139
41.145524 3.819499
40.984329 3.818850
40.824441 3.818192
40.665813 3.817525
40.508429 3.816849
40.352308 3.816164
40.197401 3.815470
40.043712 3.814766
39.891241 3.814054
39.739926 3.813334
39.589802 3.812604
39.440839 3.811866
39.293024 3.811119
39.146328 3.810363
39.000769 3.809599
38.856304 3.808827
38.712949 3.808045
38.570679 3.807256
38.429465 3.806458
38.289325 3.805651
38.150233 3.804837
38.012176 3.804013
37.875144 3.803182
37.739139 3.802343
37.604121 3.801495
37.470108 3.800639
37.337075 3.799775
37.205025 3.798903
37.073919 3.798023
36.943775 3.797135
36.814568 3.796238
36.686302 3.795334
36.558941 3.794422
36.432514 3.793502
36.306971 3.792574
36.182330 3.791638
36.058581 3.790695
35.935701 3.789743
35.813681 3.788784
35.692526 3.787817
35.572213 3.786842
35.452746 3.785859
35.334116 3.784869
35.216302 3.783871
35.099308 3.782866
34.983114 3.781852
34.867722 3.780831
34.753114 3.779803
34.639304 3.778767
34.526262 3.777723
34.413978 3.776672
34.302470 3.775613
34.191705 3.774546
34.081688 3.773473
33.972399 3.772391
33.863856 3.771302
33.756026 3.770206
33.648915 3.769102
33.542516 3.767990
33.436820 3.766872
33.331822 3.765745
33.227515 3.764611
33.123880 3.763470
33.020933 3.762322
32.918657 3.761166
32.817034 3.760002
32.716079 3.758832
32.615775 3.757654
32.516106 3.756468
32.417086 3.755275
32.318699 3.754075
32.220938 3.752867
32.123797 3.751652
32.027272 3.750430
31.931365 3.749201
31.836052 3.747964
31.741346 3.746719
31.647232 3.745468
31.553714 3.744209
31.460767 3.742943
31.368406 3.741669
31.276614 3.740388
31.185397 3.739100
31.094740 3.737805
31.004637 3.736502
30.915083 3.735192
30.826084 3.733875
30.737632 3.732551
30.649706 3.731219
30.562329 3.729880
30.475466 3.728534
30.389142 3.727180
30.303324 3.725819
30.218035 3.724451
30.133243 3.723076
30.048971 3.721693
29.965195 3.720303
29.881913 3.718906
29.799127 3.717502
29.716834 3.716090
29.635030 3.714671
29.553701 3.713245
29.472852 3.711812
29.392469 3.710371
29.312568 3.708923
29.233125 3.707468
29.154145 3.706006
29.075616 3.704536
28.997552 3.703059
28.919930 3.701575
28.842757 3.700084
28.766027 3.698585
28.689737 3.697079
28.613883 3.695566
28.538463 3.694046
28.463463 3.692518
28.388896 3.690984
28.314751 3.689442
28.241017 3.687892
28.167705 3.686336
28.094804 3.684772
28.022304 3.683201
27.950215 3.681623
27.878528 3.680038
27.807238 3.678445
27.736343 3.676845
27.665846 3.675238
27.595730 3.673624
27.526007 3.672002
27.456664 3.670373
27.387701 3.668737
27.319113 3.667094
27.250904 3.665443
27.183065 3.663786
27.115592 3.662121
27.048490 3.660449
26.981749 3.658769
26.915365 3.657083
26.849342 3.655389
26.783672 3.653688
26.718358 3.651980
26.653390 3.650264
26.588765 3.648541
26.524488 3.646811
26.460550 3.645074
26.396953 3.643330
26.333696 3.641579
26.270770 3.639820
26.208170 3.638054
26.145903 3.636281
26.083965 3.634500
26.022353 3.632713
25.961059 3.630918
25.900086 3.629116
25.839426 3.627307
25.779083 3.625491
25.719053 3.623668
25.659336 3.621837
25.599921 3.619999
25.540814 3.618154
25.482011 3.616302
25.423511 3.614443
25.365311 3.612577
25.307403 3.610703
25.249796 3.608822
25.192477 3.606934
25.135449 3.605040
25.078710 3.603137
25.022264 3.601228
24.966096 3.599312
24.910211 3.597388
24.854607 3.595458
24.799281 3.593520
24.744231 3.591576
24.689456 3.589624
24.634959 3.587665
24.580727 3.585699
24.526768 3.583726
24.473070 3.581746
24.419643 3.579759
24.366478 3.577764
24.313573 3.575763
24.260933 3.573755
24.208550 3.571740
24.156422 3.569717
24.104546 3.567688
24.052922 3.565652
24.001553 3.563609
23.950432 3.561559
23.899563 3.559501
23.848937 3.557437
23.798554 3.555366
23.748417 3.553288
23.698519 3.551203
23.648858 3.549111
23.599438 3.547013
23.550258 3.544907
23.501310 3.542795
23.452592 3.540675
23.404109 3.538549
23.355859 3.536416
23.307834 3.534276
23.260039 3.532129
23.212466 3.529976
23.165120 3.527816
23.117998 3.525649
23.071095 3.523475
23.024413 3.521294
22.977946 3.519107
22.931704 3.516913
22.885673 3.514712
22.839858 3.512505
22.794252 3.510291
22.748863 3.508070
22.703682 3.505843
22.658710 3.503609
22.613946 3.501368
22.569384 3.499121
22.525034 3.496867
22.480882 3.494607
22.436934 3.492340
22.393192 3.490067
22.349645 3.487787
22.306297 3.485501
22.263147 3.483208
22.220193 3.480909
22.177434 3.478603
22.134873 3.476291
22.092500 3.473973
22.050318 3.471648
22.008326 3.469317
21.966527 3.466980
21.924911 3.464636
21.883485 3.462286
21.842245 3.459930
21.801183 3.457567
21.760314 3.455198
21.719621 3.452824
21.679108 3.450443
21.638778 3.448055
21.598627 3.445662
21.558652 3.443263
21.518857 3.440857
21.479232 3.438446
21.439784 3.436028
21.400514 3.433605
21.361414 3.431176
21.322484 3.428740
21.283724 3.426299
21.245135 3.423852
21.206713 3.421399
21.168461 3.418940
21.130374 3.416475
21.092450 3.414005
21.054693 3.411529
21.017097 3.409047
20.979667 3.406559
20.942400 3.404066
20.905287 3.401567
20.868340 3.399063
20.831550 3.396553
20.794915 3.394037
20.758439 3.391516
20.722120 3.388990
20.685955 3.386458
20.649945 3.383920
20.614090 3.381377
20.578384 3.378829
20.542828 3.376276
20.507428 3.373717
20.472174 3.371153
20.437071 3.368584
20.402113 3.366009
20.367308 3.363430
20.332646 3.360845
20.298127 3.358256
20.263757 3.355661
20.229528 3.353061
20.195443 3.350456
20.161502 3.347847
20.127702 3.345232
20.094040 3.342612
20.060519 3.339988
20.027137 3.337359
19.993894 3.334725
19.960789 3.332087
19.927821 3.329443
19.894990 3.326795
19.862291 3.324143
19.829730 3.321486
19.797299 3.318824
19.765002 3.316158
19.732841 3.313488
19.700808 3.310813
19.668905 3.308133
19.637133 3.305450
19.605494 3.302762
19.573980 3.300070
19.542594 3.297373
19.511335 3.294673
19.480206 3.291968
19.449199 3.289259
19.418317 3.286547
19.387562 3.283830
19.356928 3.281109
19.326420 3.278384
19.296034 3.275656
19.265766 3.272924
19.235623 3.270187
19.205599 3.267448
19.175694 3.264704
19.145912 3.261957
19.116245 3.259206
19.086698 3.256452
19.057267 3.253694
19.027950 3.250932
18.998754 3.248168
18.969670 3.245400
18.940700 3.242628
18.911846 3.239853
18.883106 3.237075
18.854477 3.234294
18.825964 3.231510
18.797558 3.228722
18.769265 3.225932
18.741083 3.223138
18.713009 3.220342
18.685047 3.217542
18.657193 3.214740
18.629447 3.211935
18.601806 3.209127
18.574276 3.206316
18.546851 3.203503
18.519530 3.200687
18.492318 3.197869
18.465209 3.195048
18.438203 3.192224
18.411303 3.189398
18.384506 3.186570
18.357809 3.183739
18.331214 3.180906
18.304723 3.178071
18.278331 3.175234
18.252042 3.172394
18.225852 3.169553
18.199760 3.166709
18.173769 3.163863
18.147875 3.161016
18.122078 3.158166
18.096380 3.155315
18.070778 3.152462
18.045275 3.149607
18.019862 3.146751
17.994551 3.143892
17.969329 3.141033
17.944204 3.138171
17.919175 3.135309
17.894238 3.132444
17.869393 3.129579
17.844642 3.126712
17.819982 3.123843
17.795412 3.120974
17.770935 3.118103
17.746547 3.115232
17.722251 3.112359
17.698044 3.109485
17.673924 3.106610
17.649895 3.103734
17.625956 3.100857
17.602101 3.097980
17.578335 3.095101
17.554657 3.092222
17.531065 3.089343
17.507558 3.086462
17.484138 3.083581
17.460801 3.080700
17.437552 3.077818
17.414385 3.074936
17.391304 3.072053
17.368303 3.069170
17.345389 3.066287
17.322553 3.063403
17.299802 3.060519
17.277134 3.057636
17.254546 3.054752
17.232038 3.051868
17.209613 3.048984
17.187266 3.046100
17.165001 3.043216
17.142814 3.040333
17.120705 3.037450
17.098676 3.034567
17.076724 3.031684
17.054849 3.028802
17.033053 3.025920
17.011333 3.023038
16.989692 3.020157
16.968125 3.017277
16.946636 3.014397
16.925219 3.011518
16.903879 3.008640
16.882615 3.005763
16.861425 3.002886
16.840307 3.000010
16.819265 2.997135
16.798292 2.994261
16.777397 2.991388
16.756571 2.988516
16.735819 2.985645
16.715141 2.982776
16.694530 2.979907
16.673992 2.977040
16.653524 2.974174
16.633129 2.971310
16.612802 2.968446
16.592545 2.965585
16.572356 2.962724
16.552238 2.959865
16.532188 2.957008
16.512206 2.954153
16.492294 2.951299
16.472446 2.948446
16.452667 2.945596
16.432957 2.942747
16.413311 2.939900
16.393733 2.937055
16.374220 2.934212
16.354773 2.931371
16.335393 2.928532
16.316075 2.925695
16.296824 2.922860
16.277637 2.920027
16.258513 2.917197
16.239455 2.914368
16.220458 2.911542
16.201526 2.908718
16.182657 2.905897
16.163850 2.903078
16.145104 2.900261
16.126421 2.897447
16.107801 2.894635
16.089240 2.891826
16.070742 2.889020
16.052305 2.886216
16.033925 2.883415
16.015608 2.880616
15.997351 2.877820
15.979153 2.875027
15.961014 2.872237
15.942937 2.869450
15.924916 2.866666
15.906953 2.863884
15.889049 2.861106
15.871202 2.858330
15.853416 2.855558
15.835684 2.852789
15.818009 2.850022
15.800392 2.847259
15.782831 2.844500
15.765326 2.841743
15.747878 2.838990
15.730485 2.836240
15.713148 2.833493
15.695864 2.830750
15.678638 2.828010
15.661464 2.825273
15.644348 2.822540
15.627283 2.819811
15.610273 2.817084
15.593316 2.814362
15.576411 2.811643
15.559562 2.808928
15.542764 2.806216
15.526019 2.803509
15.509327 2.800804
15.492688 2.798104
15.476098 2.795407
15.459563 2.792714
15.443078 2.790025
15.426642 2.787340
15.410260 2.784659
15.393928 2.781982
15.377643 2.779308
15.361413 2.776639
15.345230 2.773974
15.329096 2.771312
15.313014 2.768655
15.296980 2.766002
15.280994 2.763353
15.265059 2.760708
15.249170 2.758067
15.233332 2.755431
15.217541 2.752798
15.201796 2.750170
15.186100 2.747546
15.170453 2.744927
15.154852 2.742311
15.139298 2.739700
15.123790 2.737094
15.108328 2.734491
15.092913 2.731894
15.077546 2.729300
15.062221 2.726711
15.046946 2.724127
15.031715 2.721547
15.016528 2.718971
15.001385 2.716400
14.986289 2.713834
14.971237 2.711272
14.956230 2.708715
14.941267 2.706162
14.926347 2.703614
14.911472 2.701070
14.896638 2.698532
14.881849 2.695998
14.867105 2.693468
14.852401 2.690944
14.837742 2.688424
14.823125 2.685908
14.808551 2.683398
14.794018 2.680892
14.779528 2.678391
14.765079 2.675895
14.750672 2.673404
14.736306 2.670918
14.721981 2.668436
14.707697 2.665959
14.693456 2.663487
14.679252 2.661020
14.665092 2.658558
14.650971 2.656101
14.636889 2.653649
14.622848 2.651202
14.608847 2.648759
14.594886 2.646322
14.580962 2.643890
14.567080 2.641462
14.553236 2.639040
14.539429 2.636623
14.525664 2.634210
14.511935 2.631803
14.498246 2.629401
14.484594 2.627003
14.470980 2.624611
14.457404 2.622224
14.443866 2.619842
14.430364 2.617465
14.416902 2.615093
14.403475 2.612726
14.390086 2.610365
14.376733 2.608008
14.363418 2.605657
14.350138 2.603310
14.336895 2.600969
14.323688 2.598633
14.310516 2.596302
14.297381 2.593977
14.284282 2.591656
14.271219 2.589340
14.258190 2.587030
14.245197 2.584725
14.232238 2.582425
14.219314 2.580130
14.206424 2.577841
14.193572 2.575556
14.180750 2.573277
14.167966 2.571003
14.155213 2.568734
14.142497 2.566471
14.129812 2.564212
14.117163 2.561959
14.104545 2.559711
14.091964 2.557468
14.079413 2.555230
14.066896 2.552998
14.054413 2.550771
14.041962 2.548549
14.029543 2.546332
14.017158 2.544120
14.004804 2.541914
13.992482 2.539713
13.980193 2.537517
13.967936 2.535326
13.955710 2.533140
13.943516 2.530960
13.931354 2.528785
13.919223 2.526615
13.907123 2.524450
13.895055 2.522290
13.883018 2.520136
13.871011 2.517987
13.859034 2.515843
13.847088 2.513704
13.835174 2.511570
13.823290 2.509442
13.811436 2.507318
13.799611 2.505200
13.787817 2.503087
13.776052 2.500979
13.764316 2.498877
13.752610 2.496779
13.740935 2.494687
13.729288 2.492600
13.717671 2.490518
13.706082 2.488441
13.694524 2.486369
13.682992 2.484302
13.671491 2.482241
13.660017 2.480184
13.648572 2.478133
13.637156 2.476087
13.625768 2.474046
13.614407 2.472010
13.603075 2.469979
13.591771 2.467953
13.580493 2.465932
13.569245 2.463917
13.558022 2.461906
13.546828 2.459900
13.535661 2.457900
13.524521 2.455904
13.513409 2.453914
13.502323 2.451928
13.491264 2.449948
13.480232 2.447972
13.469227 2.446002
13.458247 2.444036
13.447295 2.442076
13.436369 2.440120
13.425468 2.438170
13.414594 2.436224
13.403746 2.434283
13.392923 2.432347
13.382126 2.430417
13.371356 2.428491
13.360610 2.426570
13.349891 2.424653
13.339195 2.422742
13.328526 2.420836
13.317883 2.418934
13.307264 2.417037
13.296670 2.415146
13.286100 2.413259
13.275555 2.411376
13.265034 2.409499
13.254540 2.407627
13.244068 2.405759
13.233621 2.403896
13.223198 2.402037
13.212801 2.400184
13.202425 2.398335
13.192074 2.396491
13.181748 2.394652
13.171446 2.392817
13.161166 2.390987
13.150911 2.389162
13.140679 2.387342
13.130469 2.385526
13.120284 2.383715
13.110122 2.381908
13.099982 2.380106
13.089867 2.378309
13.079774 2.376516
13.069703 2.374728
13.059655 2.372944
13.049631 2.371165
13.039627 2.369391
13.029647 2.367621
13.019691 2.365856
13.009755 2.364095
12.999842 2.362338
12.989950 2.360586
12.980081 2.358839
12.970236 2.357096
12.960410 2.355357
12.950607 2.353623
12.940826 2.351894
12.931065 2.350168
12.921327 2.348448
12.911611 2.346731
12.901914 2.345019
12.892240 2.343311
12.882587 2.341608
12.872955 2.339909
12.863344 2.338214
12.853755 2.336523
12.844186 2.334837
12.834638 2.333155
12.825110 2.331477
12.815603 2.329804
12.806117 2.328135
12.796652 2.326470
12.787207 2.324809
12.777783 2.323152
12.768379 2.321500
12.758993 2.319851
12.749630 2.318207
12.740285 2.316567
12.730960 2.314931
12.721657 2.313299
12.712373 2.311671
12.703108 2.310048
12.693862 2.308428
12.684638 2.306812
12.675431 2.305201
12.666246 2.303593
12.657079 2.301989
12.647930 2.300390
12.638802 2.298794
12.629693 2.297202
12.620602 2.295615
12.611532 2.294031
12.602480 2.292451
12.593447 2.290875
12.584434 2.289302
12.575437 2.287734
12.566461 2.286170
12.557502 2.284609
12.548563 2.283052
12.539643 2.281499
12.530739 2.279950
12.521855 2.278404
12.512990 2.276862
12.504142 2.275324
12.495313 2.273790
12.486501 2.272259
12.477707 2.270733
12.468932 2.269209
12.460174 2.267690
12.451435 2.266174
12.442714 2.264662
12.434010 2.263153
12.425324 2.261648
12.416655 2.260146
12.408004 2.258648
12.399370 2.257154
12.390754 2.255663
12.382154 2.254176
12.373573 2.252692
12.365008 2.251212
12.356461 2.249735
12.347932 2.248261
12.339419 2.246791
12.330923 2.245325
12.322444 2.243862
12.313982 2.242402
12.305537 2.240946
12.297108 2.239493
12.288696 2.238043
12.280301 2.236597
12.271923 2.235154
12.263562 2.233715
12.255216 2.232278
12.246887 2.230845
12.238575 2.229416
12.230278 2.227989
12.221998 2.226566
12.213734 2.225146
12.205488 2.223729
12.197255 2.222315
12.189041 2.220905
12.180841 2.219497
12.172657 2.218093
12.164490 2.216692
12.156339 2.215294
12.148203 2.213899
12.140083 2.212507
12.131978 2.211119
12.123890 2.209733
12.115817 2.208350
12.107759 2.206971
12.099717 2.205594
12.091689 2.204220
12.083679 2.202850
12.075683 2.201482
12.067702 2.200117
12.059737 2.198755
12.051787 2.197396
12.043851 2.196040
12.035932 2.194687
12.028026 2.193337
12.020137 2.191989
12.012262 2.190645
12.004401 2.189303
11.996557 2.187964
11.988726 2.186628
11.980911 2.185295
11.973110 2.183964
11.965324 2.182636
11.957552 2.181311
11.949794 2.179989
11.942052 2.178669
11.934324 2.177352
11.926610 2.176038
11.918911 2.174726
11.911227 2.173417
11.903556 2.172111
11.895899 2.170807
11.888257 2.169506
11.880629 2.168207
11.873016 2.166911
11.865415 2.165618
11.857830 2.164327
11.850258 2.163038
11.842701 2.161752
11.835157 2.160469
11.827626 2.159188
11.820110 2.157910
11.812608 2.156634
11.805120 2.155360
11.797645 2.154089
11.790184 2.152821
11.782736 2.151555
11.775302 2.150291
11.767882 2.149029
11.760475 2.147770
11.753080 2.146513
11.745700 2.145259
11.738333 2.144007
11.730980 2.142757
11.723640 2.141510
11.716313 2.140264
11.709000 2.139022
11.701700 2.137781
11.694411 2.136542
11.687138 2.135306
11.679877 2.134072
11.672628 2.132840
11.665394 2.131611
11.658171 2.130383
11.650961 2.129158
11.643766 2.127935
11.636582 2.126713
11.629411 2.125495
11.622253 2.124278
11.615107 2.123063
11.607975 2.121850
11.600854 2.120640
11.593747 2.119431
11.586652 2.118224
11.579570 2.117020
11.572500 2.115817
11.565443 2.114617
11.558398 2.113418
11.551366 2.112222
11.544346 2.111027
11.537338 2.109835
11.530343 2.108644
11.523359 2.107455
11.516388 2.106268
11.509429 2.105083
11.502483 2.103900
11.495548 2.102719
11.488626 2.101539
11.481715 2.100362
11.474817 2.099186
11.467931 2.098012
11.461055 2.096840
11.454193 2.095669
11.447342 2.094501
11.440504 2.093334
11.433677 2.092169
11.426862 2.091006
11.420058 2.089844
11.413267 2.088684
11.406487 2.087526
11.399719 2.086370
11.392962 2.085215
11.386217 2.084062
11.379484 2.082910
11.372762 2.081761
11.366050 2.080612
11.359352 2.079466
11.352664 2.078321
11.345988 2.077178
11.339324 2.076036
11.332670 2.074896
11.326028 2.073757
11.319397 2.072620
11.312778 2.071485
11.306169 2.070351
11.299572 2.069218
11.292986 2.068087
11.286412 2.066958
11.279848 2.065830
11.273295 2.064703
11.266754 2.063578
11.260223 2.062454
11.253703 2.061332
11.247195 2.060211
11.240698 2.059092
11.234211 2.057974
11.227735 2.056858
11.221269 2.055742
11.214816 2.054629
11.208372 2.053516
11.201940 2.052405
11.195518 2.051295
11.189107 2.050187
11.182707 2.049080
11.176316 2.047974
11.169937 2.046869
11.163569 2.045766
11.157210 2.044664
11.150864 2.043564
11.144526 2.042464
11.138200 2.041366
11.131884 2.040269
11.125579 2.039173
11.119284 2.038079
11.112999 2.036985
11.106725 2.035893
11.100461 2.034802
11.094207 2.033713
11.087964 2.032624
11.081731 2.031537
11.075508 2.030450
11.069295 2.029365
11.063092 2.028281
11.056900 2.027198
11.050719 2.026116
11.044547 2.025035
11.038384 2.023956
11.032233 2.022877
11.026091 2.021800
11.019959 2.020723
11.013837 2.019648
11.007725 2.018573
11.001623 2.017500
10.995531 2.016427
10.989449 2.015356
10.983377 2.014286
10.977315 2.013216
10.971262 2.012148
10.965220 2.011080
10.959186 2.010014
10.953163 2.008948
10.947150 2.007884
10.941146 2.006820
10.935152 2.005757
10.929167 2.004696
10.923192 2.003635
10.917227 2.002575
10.911271 2.001516
