5.000000 3.194888
6.022727 3.190810
7.045455 3.184713
8.068182 3.176620
9.090909 3.160556
10.113636 3.140704
11.136364 3.113325
12.159091 3.084516
13.181818 3.054368
14.204545 3.019324
15.227273 2.981515
16.250000 2.942908
17.272727 2.908668
18.295455 2.880184
19.318182 2.858776
20.340909 2.845760
21.363636 2.837684
22.386364 2.834467
23.409091 2.834467
24.431818 2.837684
25.454545 2.840909
26.477273 2.845760
27.500000 2.855511
28.522727 2.871913
29.545455 2.895194
30.568182 2.923977
31.590909 2.956830
32.613636 2.995806
33.636364 3.080715
34.659091 3.207184
35.681818 3.261579
36.704545 3.320053
37.727273 3.371544
38.750000 3.408316
39.772727 3.441156
40.795455 3.477051
41.818182 3.523608
42.840909 3.561254
43.863636 3.591954
44.886364 3.620565
45.909091 3.641661
46.931818 3.663004
47.954545 3.679176
48.977273 3.698225
50.000000 3.714710
