5.000000 3.198976
6.022727 3.192848
7.045455 3.194888
8.068182 3.182686
9.090909 3.178640
10.113636 3.170577
11.136364 3.150599
12.159091 3.126954
13.181818 3.101737
14.204545 3.071253
15.227273 3.039514
16.250000 3.004808
17.272727 2.969121
18.295455 2.934272
19.318182 2.901915
20.340909 2.870264
21.363636 2.845760
22.386364 2.824859
23.409091 2.810568
24.431818 2.804262
25.454545 2.804262
26.477273 2.812148
27.500000 2.828054
28.522727 2.852253
29.545455 2.881844
30.568182 2.918856
31.590909 2.958580
32.613636 3.004808
33.636364 3.052503
34.659091 3.101737
35.681818 3.150599
36.704545 3.198976
37.727273 3.242542
38.750000 3.282994
39.772727 3.320053
40.795455 3.357958
41.818182 3.394433
42.840909 3.431709
43.863636 3.469813
44.886364 3.506311
45.909091 3.543586
46.931818 3.573981
47.954545 3.604903
48.977273 3.631082
50.000000 3.657644
