5.000000 3.201024
5.959596 3.198976
6.919192 3.192848
7.878788 3.186743
8.838384 3.182686
9.797980 3.176620
10.757576 3.164557
11.717172 3.140704
12.676768 3.119152
13.636364 3.094059
14.595960 3.065604
15.555556 3.035823
16.515152 3.003003
17.474747 2.970885
18.434343 2.939447
19.393939 2.906977
20.353535 2.878526
21.313131 2.853881
22.272727 2.831257
23.232323 2.813731
24.191919 2.804262
25.151515 2.801120
26.111111 2.802691
27.070707 2.808989
28.030303 2.823264
28.989899 2.847380
29.949495 2.876870
30.909091 2.910361
31.868687 2.944641
32.828283 2.977963
33.787879 3.021148
34.747475 3.067485
35.707071 3.109453
36.666667 3.158560
37.626263 3.207184
38.585859 3.240441
39.545455 3.267974
40.505051 3.300330
41.464646 3.335557
42.424242 3.362475
43.383838 3.385240
44.343434 3.412969
45.303030 3.450656
46.262626 3.496503
47.222222 3.533569
48.181818 3.563792
49.141414 3.591954
50.101010 3.620565
51.060606 3.649635
52.020202 3.676471
52.979798 3.700962
53.939394 3.720238
54.898990 3.736921
55.858586 3.756574
56.818182 3.770739
57.777778 3.782148
58.737374 3.790751
59.696970 3.799392
60.656566 3.810976
61.616162 3.822630
62.575758 3.834356
63.535354 3.846154
64.494949 3.855050
65.454545 3.866976
66.414141 3.872967
67.373737 3.875969
68.333333 3.878976
69.292929 3.878976
70.252525 3.881988
71.212121 3.888025
72.171717 3.894081
73.131313 3.900156
74.090909 3.909304
75.050505 3.915427
76.010101 3.924647
76.969697 3.933910
77.929293 3.937008
78.888889 3.940110
79.848485 3.943218
80.808081 3.943218
81.767677 3.943218
82.727273 3.943218
83.686869 3.943218
84.646465 3.943218
85.606061 3.946330
86.565657 3.946330
87.525253 3.949447
88.484848 3.955696
89.444444 3.961965
90.404040 3.971406
91.363636 3.980892
92.323232 3.990423
93.282828 4.000000
94.242424 4.009623
95.202020 4.012841
96.161616 4.016064
97.121212 4.016064
98.080808 4.016064
99.040404 4.019293
100.000000 4.019293
