2.000000000000000444e+00 2.591842235715929748e-20
1.834008086409342431e+00 5.970268785418117277e-20
1.681792830507429226e+00 1.072953843344430658e-19
1.542210825407940744e+00 1.808268833003977990e-19
1.414213562373094923e+00 3.663008449769557047e-19
1.296839554651009641e+00 1.713740080951557846e-18
1.189207115002721027e+00 4.136092226346998206e-18
1.090507732665257690e+00 7.316386438743519620e-18
1.000000000000000000e+00 1.022248718811223475e-17
9.170040432046712153e-01 1.221163177601042046e-17
8.408964152537143910e-01 1.247234203566242069e-17
7.711054127039702610e-01 1.206207482873419891e-17
7.071067811865473507e-01 1.083392769292535934e-17
6.484197773255047093e-01 8.887441568116636890e-18
5.946035575013602914e-01 7.063275014661663895e-18
5.452538663326286228e-01 5.259543026004125105e-18
4.999999999999998890e-01 3.944100858935396003e-18
4.585020216023354411e-01 3.082580118817064559e-18
4.204482076268571400e-01 2.129923054269354394e-18
3.855527063519850750e-01 1.533839142669215322e-18
3.535533905932736198e-01 1.098758228973299920e-18
3.242098886627522991e-01 7.672534287676882800e-19
2.973017787506801457e-01 5.218042899286314552e-19
2.726269331663143114e-01 3.435047300923864434e-19
2.499999999999998890e-01 2.074416816647054047e-19
2.292510108011676651e-01 1.332348192243456831e-19
2.102241038134285145e-01 7.815672643952491600e-20
1.927763531759925097e-01 5.245673106273852677e-20
1.767766952966367544e-01 3.118055147330317417e-20
1.621049443313760940e-01 2.329993664104667153e-20
1.486508893753400173e-01 1.572110905793866007e-20
1.363134665831571279e-01 1.293066305565826224e-20
1.249999999999999167e-01 1.064487761739811581e-20
1.146255054005838325e-01 9.279138248500657784e-21
1.051120519067142434e-01 8.610240663478925174e-21
9.638817658799622712e-02 8.124299641251258973e-21
8.838834764831836333e-02 7.545288342954771588e-21
8.105247216568803315e-02 7.426686764121531819e-21
7.432544468766999479e-02 6.891325321259425754e-21
6.815673329157853622e-02 6.676383642198609055e-21
6.249999999999994449e-02 6.103099616852358904e-21
5.731275270029189545e-02 5.881599017789366957e-21
5.255602595335710087e-02 5.231839762852952797e-21
4.819408829399809274e-02 4.858971396675591552e-21
4.419417382415916778e-02 4.056770394290324531e-21
4.052623608284401657e-02 4.056770394290324531e-21
3.716272234383499740e-02 3.734631073885494558e-21
3.407836664578926117e-02 3.734631073885494558e-21
3.124999999999996531e-02 2.908606801161737384e-21
2.865637635014594078e-02 2.908606801161737384e-21
2.627801297667854696e-02 2.524298288188438813e-21
2.409704414699904290e-02 2.524298288188438813e-21
2.209708691207958042e-02 1.532489662061369719e-21
2.026311804142199441e-02 1.532489662061369719e-21
1.858136117191749176e-02 1.532489662061369719e-21
1.703918332289462712e-02 1.532489662061369719e-21
1.562499999999997918e-02 1.090088539323622170e-21
1.432818817507296345e-02 1.090088539323622170e-21
1.313900648833927001e-02 1.090088539323622170e-21
1.204852207349951972e-02 1.090088539323622170e-21
1.104854345603978848e-02 3.187427879541183707e-22
1.013155902071099547e-02 3.187427879541183707e-22
9.290680585958742410e-03 3.187427879541183707e-22
8.519591661447311823e-03 3.187427879541183707e-22
7.812499999999986122e-03 3.187427879541183707e-22
7.164094087536480859e-03 3.187427879541183707e-22
6.569503244169632404e-03 3.187427879541183707e-22
6.024261036749757256e-03 3.187427879541183707e-22
