2.000000000000000444e+00 6.479605589289821362e-21
1.834008086409342431e+00 1.774971529524469783e-20
1.681792830507429226e+00 3.793464692645077002e-20
1.542210825407940744e+00 7.602833897440314289e-20
1.414213562373094923e+00 1.831504224884779005e-19
1.296839554651009641e+00 1.018995948766465889e-18
1.189207115002721027e+00 2.924658860862927502e-18
1.090507732665257690e+00 6.152323128950316964e-18
1.000000000000000000e+00 1.022248718811223475e-17
9.170040432046712153e-01 1.452215939382490752e-17
8.408964152537143910e-01 1.763855526138985895e-17
7.711054127039702610e-01 2.028591096800930837e-17
7.071067811865473507e-01 2.166785538585072793e-17
6.484197773255047093e-01 2.113801749395049944e-17
5.946035575013602914e-01 1.997795864101111065e-17
5.452538663326286228e-01 1.769092350575818740e-17
4.999999999999998890e-01 1.577640343574159017e-17
4.585020216023354411e-01 1.466330483945275755e-17
4.204482076268571400e-01 1.204866428063539380e-17
3.855527063519850750e-01 1.031839869317099729e-17
3.535533905932736198e-01 8.790065831786405525e-18
3.242098886627522991e-01 7.299385892006152078e-18
2.973017787506801457e-01 5.903541629772271166e-18
2.726269331663143114e-01 4.621630338518124151e-18
2.499999999999998890e-01 3.319066906635289557e-18
2.292510108011676651e-01 2.535100719803094528e-18
2.102241038134285145e-01 1.768484840343361864e-18
1.927763531759925097e-01 1.411541667410721361e-18
1.767766952966367544e-01 9.977776471457029214e-19
1.621049443313760940e-01 8.866704138446510150e-19
1.486508893753400173e-01 7.114561806490687513e-19
1.363134665831571279e-01 6.958942854628280211e-19
1.249999999999999167e-01 6.812721675134802784e-19
1.146255054005838325e-01 7.062283024774964806e-19
1.051120519067142434e-01 7.793100237816466094e-19
9.638817658799622712e-02 8.744568889312297667e-19
8.838834764831836333e-02 9.657969078982124966e-19
8.105247216568803315e-02 1.130479198821104171e-18
7.432544468766999479e-02 1.247463133702428855e-18
6.815673329157853622e-02 1.437221650325339922e-18
6.249999999999994449e-02 1.562393501914206576e-18
5.731275270029189545e-02 1.790576486284325276e-18
5.255602595335710087e-02 1.894128319690111956e-18
4.819408829399809274e-02 2.091976514193842952e-18
4.419417382415916778e-02 2.077066441876651168e-18
4.052623608284401657e-02 2.470062191013097598e-18
3.716272234383499740e-02 2.704161748556223167e-18
3.407836664578926117e-02 3.215808391501261276e-18
3.124999999999996531e-02 2.978413364389625629e-18
2.865637635014594078e-02 3.541950364351335608e-18
2.627801297667854696e-02 3.655574399622437345e-18
2.409704414699904290e-02 4.347235085452803779e-18
2.209708691207958042e-02 3.138538827901693660e-18
2.026311804142199441e-02 3.732372704852995899e-18
1.858136117191749176e-02 4.438564176453132458e-18
1.703918332289462712e-02 5.278372099034259179e-18
1.562499999999997918e-02 4.465002657069567962e-18
1.432818817507296345e-02 5.309812928293189924e-18
1.313900648833927001e-02 6.314467313659691455e-18
1.204852207349951972e-02 7.509209456856224170e-18
1.104854345603978848e-02 2.611140918920145396e-18
1.013155902071099547e-02 3.105187359054581622e-18
9.290680585958742410e-03 3.692710900804217498e-18
8.519591661447311823e-03 4.391398076884482128e-18
7.812499999999986122e-03 5.222281837840293874e-18
7.164094087536480859e-03 6.210374718109164015e-18
6.569503244169632404e-03 7.385421801608438077e-18
6.024261036749757256e-03 8.782796153768968878e-18
