2.000000000000000444e+00 9.991201941779339325e-24
1.834008086409342431e+00 2.261297997607126949e-23
1.681792830507429226e+00 4.243027445720513839e-23
1.542210825407940744e+00 6.964499447307466353e-23
1.414213562373094923e+00 1.417020544272156369e-22
1.296839554651009641e+00 6.885262293120086285e-22
1.189207115002721027e+00 1.638511678948712012e-21
1.090507732665257690e+00 2.908606801161713686e-21
1.000000000000000000e+00 4.067496773649659116e-21
9.170040432046712153e-01 4.728182046655495592e-21
8.408964152537143910e-01 4.880402686222976718e-21
7.711054127039702610e-01 4.778387279020991412e-21
7.071067811865473507e-01 4.254246301507635303e-21
6.484197773255047093e-01 3.483765625708603935e-21
5.946035575013602914e-01 2.720401637076912132e-21
5.452538663326286228e-01 2.013256373162314503e-21
4.999999999999998890e-01 1.569345818043647815e-21
4.585020216023354411e-01 1.214731020911327812e-21
4.204482076268571400e-01 8.519775176277693979e-22
3.855527063519850750e-01 6.238885764104541963e-22
3.535533905932736198e-01 4.410577045055705864e-22
3.242098886627522991e-01 3.142853656316351999e-22
2.973017787506801457e-01 2.078071807448083815e-22
2.726269331663143114e-01 1.400898685665840342e-22
2.499999999999998890e-01 8.633006730757869617e-23
2.292510108011676651e-01 5.569229398940731577e-23
2.102241038134285145e-01 3.249751500150740832e-23
1.927763531759925097e-01 2.184990440728018979e-23
1.767766952966367544e-01 1.270502532790374449e-23
1.621049443313760940e-01 9.611654806535807651e-24
1.486508893753400173e-01 6.542582918872270447e-24
1.363134665831571279e-01 5.245673106273852932e-24
1.249999999999999167e-01 4.422238913483254345e-24
1.146255054005838325e-01 3.909537491501895957e-24
1.051120519067142434e-01 3.580132355524181525e-24
9.638817658799622712e-02 3.450198139919424524e-24
8.838834764831836333e-02 3.215607233546085342e-24
8.105247216568803315e-02 3.104362846308586999e-24
7.432544468766999479e-02 2.900936525881199272e-24
6.815673329157853622e-02 2.830315582314787850e-24
6.249999999999994449e-02 2.603273980601848129e-24
5.731275270029189545e-02 2.526521136193634721e-24
5.255602595335710087e-02 2.186914500838216944e-24
4.819408829399809274e-02 2.043607808927582922e-24
4.419417382415916778e-02 1.741107908054832566e-24
4.052623608284401657e-02 1.741107908054832566e-24
3.716272234383499740e-02 1.572110905793866051e-24
3.407836664578926117e-02 1.572110905793866051e-24
3.124999999999996531e-02 1.207269645736522709e-24
2.865637635014594078e-02 1.207269645736522709e-24
2.627801297667854696e-02 1.032194327135773963e-24
2.409704414699904290e-02 1.032194327135773963e-24
2.209708691207958042e-02 6.195108681598923583e-25
2.026311804142199441e-02 6.195108681598923583e-25
1.858136117191749176e-02 6.195108681598923583e-25
1.703918332289462712e-02 6.195108681598923583e-25
1.562499999999997918e-02 4.492860515521249132e-25
1.432818817507296345e-02 4.492860515521249132e-25
1.313900648833927001e-02 4.492860515521249132e-25
1.204852207349951972e-02 4.492860515521249132e-25
1.104854345603978848e-02 1.287388069530748675e-25
1.013155902071099547e-02 1.287388069530748675e-25
9.290680585958742410e-03 1.287388069530748675e-25
8.519591661447311823e-03 1.287388069530748675e-25
7.812499999999986122e-03 1.287388069530748675e-25
7.164094087536480859e-03 1.287388069530748675e-25
6.569503244169632404e-03 1.287388069530748675e-25
6.024261036749757256e-03 1.287388069530748675e-25
