2.000000000000000444e+00 2.497800485444833729e-24
1.834008086409342431e+00 6.722879169739503890e-24
1.681792830507429226e+00 1.500136739814805084e-23
1.542210825407940744e+00 2.928211309638662192e-23
1.414213562373094923e+00 7.085102721360783022e-23
1.296839554651009641e+00 4.094001453819178722e-22
1.189207115002721027e+00 1.158602719237989594e-21
1.090507732665257690e+00 2.445837032479458643e-21
1.000000000000000000e+00 4.067496773649659116e-21
9.170040432046712153e-01 5.622787730910843222e-21
8.408964152537143910e-01 6.901931668698621021e-21
7.711054127039702610e-01 8.036257467245408080e-21
7.071067811865473507e-01 8.508492603015275119e-21
6.484197773255047093e-01 8.285837738189160272e-21
5.946035575013602914e-01 7.694457780512285971e-21
5.452538663326286228e-01 6.771760268715544828e-21
4.999999999999998890e-01 6.277383272174594268e-21
4.585020216023354411e-01 5.778267091529084476e-21
4.204482076268571400e-01 4.819512641064619639e-21
3.855527063519850750e-01 4.197005339370355264e-21
3.535533905932736198e-01 3.528461636044567700e-21
3.242098886627522991e-01 2.990003143602979918e-21
2.973017787506801457e-01 2.351069866942602983e-21
2.726269331663143114e-01 1.884817092656074135e-21
2.499999999999998890e-01 1.381281076921260455e-21
2.292510108011676651e-01 1.059674756208424548e-21
2.102241038134285145e-01 7.353348233368791072e-22
1.927763531759925097e-01 5.879522012709845422e-22
1.767766952966367544e-01 4.065608104929203880e-22
1.621049443313760940e-01 3.657679450522400291e-22
1.486508893753400173e-01 2.960835038982313437e-22
1.363134665831571279e-01 2.823083334821443352e-22
1.249999999999999167e-01 2.830232904629286542e-22
1.146255054005838325e-01 2.975519872808928160e-22
1.051120519067142434e-01 3.240365908654745392e-22
9.638817658799622712e-02 3.713611837149801470e-22
8.838834764831836333e-02 4.115977258938996761e-22
8.105247216568803315e-02 4.725414892006754150e-22
7.432544468766999479e-02 5.251256036460401990e-22
6.815673329157853622e-02 6.092805701645412677e-22
6.249999999999994449e-02 6.664381390340743436e-22
5.731275270029189545e-02 7.691665693097562438e-22
5.255602595335710087e-02 7.917476215899649702e-22
4.819408829399809274e-02 8.798527901243938435e-22
4.419417382415916778e-02 8.914472489240763429e-22
4.052623608284401657e-02 1.060115411070112796e-21
3.716272234383499740e-02 1.138329889038510509e-21
3.407836664578926117e-02 1.353710003264855463e-21
3.124999999999996531e-02 1.236244117234202075e-21
2.865637635014594078e-02 1.470150300095171366e-21
2.627801297667854696e-02 1.494777053634545979e-21
2.409704414699904290e-02 1.777599507525006597e-21
2.209708691207958042e-02 1.268758257991462935e-21
2.026311804142199441e-02 1.508816347621906353e-21
1.858136117191749176e-02 1.794295135824389380e-21
1.703918332289462712e-02 2.133788541937137732e-21
1.562499999999997918e-02 1.840275667157508534e-21
1.432818817507296345e-02 2.188468916950090274e-21
1.313900648833927001e-02 2.602542806999345391e-21
1.204852207349951972e-02 3.094962423182774877e-21
1.104854345603978848e-02 1.054628306559592512e-21
1.013155902071099547e-02 1.254171485843938792e-21
9.290680585958742410e-03 1.491469654399146396e-21
8.519591661447311823e-03 1.773666324822113868e-21
7.812499999999986122e-03 2.109256613119186152e-21
7.164094087536480859e-03 2.508342971687877960e-21
6.569503244169632404e-03 2.982939308798294298e-21
6.024261036749757256e-03 3.547332649644229993e-21
