0.000000 0.000000 23.630250
0.000000 0.500000 27.380250
0.000000 1.000000 31.130250
0.000000 1.500000 34.880250
0.000000 2.000000 38.630250
0.000000 2.500000 42.380250
0.000000 3.000000 46.130250
0.000000 3.500000 49.880250
0.000000 4.000000 53.630250
0.000000 4.500000 57.380250
0.000000 5.000000 61.130250
0.000000 5.500000 64.880250
0.000000 6.000000 68.630250
0.000000 6.500000 72.380250
0.000000 7.000000 76.130250
0.000000 7.500000 79.880250
0.000000 8.000000 83.630250
0.000000 8.500000 87.380250
0.000000 9.000000 91.130250
0.000000 9.500000 94.880250
2.000000 0.000000 -10.000000
2.000000 0.500000 3.653913
2.000000 1.000000 7.665133
2.000000 1.500000 11.562024
2.000000 2.000000 15.394615
2.000000 2.500000 19.191023
2.000000 3.000000 22.967002
2.000000 3.500000 26.731240
2.000000 4.000000 30.488074
2.000000 4.500000 34.238203
2.000000 5.000000 37.976511
2.000000 5.500000 41.682503
2.000000 6.000000 45.286997
2.000000 6.500000 48.625266
2.000000 7.000000 51.334787
2.000000 7.500000 53.257675
2.000000 8.000000 55.779269
2.000000 8.500000 58.157593
2.000000 9.000000 59.488410
2.000000 9.500000 60.361948
4.000000 0.000000 -10.000000
4.000000 0.500000 4.565546
4.000000 1.000000 8.837988
4.000000 1.500000 12.881775
4.000000 2.000000 16.796974
4.000000 2.500000 20.639842
4.000000 3.000000 24.441968
4.000000 3.500000 28.220974
4.000000 4.000000 31.986316
4.000000 4.500000 35.741875
4.000000 5.000000 39.485282
4.000000 5.500000 43.200688
4.000000 6.000000 46.831944
4.000000 6.500000 50.205631
4.000000 7.000000 52.852583
4.000000 7.500000 54.433242
4.000000 8.000000 57.436375
4.000000 8.500000 59.596644
4.000000 9.000000 60.817238
4.000000 9.500000 61.839384
6.000000 0.000000 -10.000000
6.000000 0.500000 1.614530
6.000000 1.000000 6.148193
6.000000 1.500000 10.338875
6.000000 2.000000 14.336678
6.000000 2.500000 18.225995
6.000000 3.000000 22.054231
6.000000 3.500000 25.847888
6.000000 4.000000 29.621370
6.000000 4.500000 33.381191
6.000000 5.000000 37.125997
6.000000 5.500000 40.838997
6.000000 6.000000 44.459358
6.000000 6.500000 47.852737
6.000000 7.000000 50.427687
6.000000 7.500000 52.251674
6.000000 8.000000 54.978117
6.000000 8.500000 57.336657
6.000000 9.000000 58.635792
6.000000 9.500000 59.487068
8.000000 0.000000 -10.000000
8.000000 0.500000 1.825711
8.000000 1.000000 6.620595
8.000000 1.500000 10.958173
8.000000 2.000000 15.038583
8.000000 2.500000 18.974356
8.000000 3.000000 22.828726
8.000000 3.500000 26.637112
8.000000 4.000000 30.418974
8.000000 4.500000 34.183824
8.000000 5.000000 37.932456
8.000000 5.500000 41.650799
8.000000 6.000000 45.283707
8.000000 6.500000 48.660057
8.000000 7.000000 51.182139
8.000000 7.500000 53.120793
8.000000 8.000000 55.571852
8.000000 8.500000 58.129119
8.000000 9.000000 59.153001
8.000000 9.500000 60.294966
10.000000 0.000000 -10.000000
10.000000 0.500000 -10.000000
10.000000 1.000000 4.253837
10.000000 1.500000 8.738310
10.000000 2.000000 12.901324
10.000000 2.500000 16.883545
10.000000 3.000000 20.764026
10.000000 3.500000 24.587062
10.000000 4.000000 28.377065
10.000000 4.500000 32.146177
10.000000 5.000000 35.896207
10.000000 5.500000 39.612145
10.000000 6.000000 43.233249
10.000000 6.500000 46.541657
10.000000 7.000000 49.184070
10.000000 7.500000 51.156888
10.000000 8.000000 54.003992
10.000000 8.500000 56.157935
10.000000 9.000000 57.759118
10.000000 9.500000 58.031915
12.000000 0.000000 -10.000000
12.000000 0.500000 -10.000000
12.000000 1.000000 4.937525
12.000000 1.500000 9.568895
12.000000 2.000000 13.814517
12.000000 2.500000 17.843198
12.000000 3.000000 21.749824
12.000000 3.500000 25.587625
12.000000 4.000000 29.386124
12.000000 4.500000 33.160628
12.000000 5.000000 36.915639
12.000000 5.500000 40.640600
12.000000 6.000000 44.287123
12.000000 6.500000 47.704135
12.000000 7.000000 50.422646
12.000000 7.500000 51.987299
12.000000 8.000000 54.966752
12.000000 8.500000 57.239148
12.000000 9.000000 58.379078
12.000000 9.500000 59.438687
14.000000 0.000000 -10.000000
14.000000 0.500000 -10.000000
14.000000 1.000000 3.122152
14.000000 1.500000 7.900417
14.000000 2.000000 12.228642
14.000000 2.500000 16.303768
14.000000 3.000000 20.236493
14.000000 3.500000 24.088908
14.000000 4.000000 27.895432
14.000000 4.500000 31.673834
14.000000 5.000000 35.429089
14.000000 5.500000 39.147964
14.000000 6.000000 42.777354
14.000000 6.500000 46.131048
14.000000 7.000000 48.718400
14.000000 7.500000 50.590668
14.000000 8.000000 53.309573
14.000000 8.500000 55.508273
14.000000 9.000000 56.854862
14.000000 9.500000 57.701392
16.000000 0.000000 -10.000000
16.000000 0.500000 -10.000000
16.000000 1.000000 3.481678
16.000000 1.500000 8.406838
16.000000 2.000000 12.817670
16.000000 2.500000 16.939252
16.000000 3.000000 20.898111
16.000000 3.500000 24.765255
16.000000 4.000000 28.580160
16.000000 4.500000 32.363590
16.000000 5.000000 36.122671
16.000000 5.500000 39.846890
16.000000 6.000000 43.483103
16.000000 6.500000 46.851093
16.000000 7.000000 49.501810
16.000000 7.500000 51.423235
16.000000 8.000000 54.009859
16.000000 8.500000 56.363340
16.000000 9.000000 57.794776
16.000000 9.500000 58.531187
18.000000 0.000000 -10.000000
18.000000 0.500000 -10.000000
18.000000 1.000000 1.778576
18.000000 1.500000 6.850633
18.000000 2.000000 11.344073
18.000000 2.500000 15.512118
18.000000 3.000000 19.497132
18.000000 3.500000 23.379069
18.000000 4.000000 27.202562
18.000000 4.500000 30.991673
18.000000 5.000000 34.756651
18.000000 5.500000 38.492802
18.000000 6.000000 42.163758
18.000000 6.500000 45.635033
18.000000 7.000000 48.445666
18.000000 7.500000 49.924148
18.000000 8.000000 53.004099
18.000000 8.500000 55.090462
18.000000 9.000000 56.459410
18.000000 9.500000 57.400940
20.000000 0.000000 -10.000000
20.000000 0.500000 -10.000000
20.000000 1.000000 2.439143
20.000000 1.500000 7.658096
20.000000 2.000000 12.234140
20.000000 2.500000 16.448635
20.000000 3.000000 20.459760
20.000000 3.500000 24.356354
20.000000 4.000000 28.188004
20.000000 4.500000 31.981434
20.000000 5.000000 35.747989
20.000000 5.500000 39.482314
20.000000 6.000000 43.143444
20.000000 6.500000 46.578925
20.000000 7.000000 49.176745
20.000000 7.500000 50.740409
20.000000 8.000000 53.489545
20.000000 8.500000 56.116087
20.000000 9.000000 57.264216
20.000000 9.500000 58.206756
22.000000 0.000000 -10.000000
22.000000 0.500000 -10.000000
22.000000 1.000000 0.892825
22.000000 1.500000 6.258672
22.000000 2.000000 10.917318
22.000000 2.500000 15.178254
22.000000 3.000000 19.215467
22.000000 3.500000 23.126641
22.000000 4.000000 26.966207
22.000000 4.500000 30.763190
22.000000 5.000000 34.528894
22.000000 5.500000 38.253645
22.000000 6.000000 41.879706
22.000000 6.500000 45.206638
22.000000 7.000000 47.859645
22.000000 7.500000 49.756999
22.000000 8.000000 52.495315
22.000000 8.500000 54.688653
22.000000 9.000000 56.077060
22.000000 9.500000 56.889973
24.000000 0.000000 -10.000000
24.000000 0.500000 -10.000000
24.000000 1.000000 1.257727
24.000000 1.500000 6.770470
24.000000 2.000000 11.511726
24.000000 2.500000 15.819125
24.000000 3.000000 19.882495
24.000000 3.500000 23.808467
24.000000 4.000000 27.656638
24.000000 4.500000 31.459359
24.000000 5.000000 35.231138
24.000000 5.500000 38.968401
24.000000 6.000000 42.631184
24.000000 6.500000 46.067593
24.000000 7.000000 48.693303
24.000000 7.500000 50.371633
24.000000 8.000000 53.409791
24.000000 8.500000 55.605830
24.000000 9.000000 56.921225
24.000000 9.500000 57.723948
26.000000 0.000000 -10.000000
26.000000 0.500000 -10.000000
26.000000 1.000000 0.060987
26.000000 1.500000 5.720625
26.000000 2.000000 10.544485
26.000000 2.500000 14.898333
26.000000 3.000000 18.987814
26.000000 3.500000 22.928442
26.000000 4.000000 26.784765
26.000000 4.500000 30.591785
26.000000 5.000000 34.365082
26.000000 5.500000 38.100326
26.000000 6.000000 41.752632
26.000000 6.500000 45.185444
26.000000 7.000000 47.832609
26.000000 7.500000 49.346507
26.000000 8.000000 52.263676
26.000000 8.500000 54.724218
26.000000 9.000000 55.797567
26.000000 9.500000 56.863570
28.000000 0.000000 -10.000000
28.000000 0.500000 -10.000000
28.000000 1.000000 0.188376
28.000000 1.500000 5.994910
28.000000 2.000000 10.901376
28.000000 2.500000 15.301676
28.000000 3.000000 19.417279
28.000000 3.500000 23.372597
28.000000 4.000000 27.237180
28.000000 4.500000 31.048846
28.000000 5.000000 34.824754
28.000000 5.500000 38.561468
28.000000 6.000000 42.214599
28.000000 6.500000 45.613089
28.000000 7.000000 48.153349
28.000000 7.500000 49.877034
28.000000 8.000000 52.938919
28.000000 8.500000 55.109082
28.000000 9.000000 56.513886
28.000000 9.500000 57.253778
30.000000 0.000000 -10.000000
30.000000 0.500000 -10.000000
30.000000 1.000000 -10.000000
30.000000 1.500000 5.029445
30.000000 2.000000 10.018514
30.000000 2.500000 14.465264
30.000000 3.000000 18.606978
30.000000 3.500000 22.576948
30.000000 4.000000 26.449677
30.000000 4.500000 30.265624
30.000000 5.000000 34.042991
30.000000 5.500000 37.777492
30.000000 6.000000 41.419487
30.000000 6.500000 44.847688
30.000000 7.000000 47.671295
30.000000 7.500000 49.234265
30.000000 8.000000 52.176701
30.000000 8.500000 54.387536
30.000000 9.000000 55.762321
30.000000 9.500000 56.612075
32.000000 0.000000 -10.000000
32.000000 0.500000 -10.000000
32.000000 1.000000 -10.000000
32.000000 1.500000 5.401194
32.000000 2.000000 10.472870
32.000000 2.500000 14.966075
32.000000 3.000000 19.133923
32.000000 3.500000 23.118619
32.000000 4.000000 26.999724
32.000000 4.500000 30.820680
32.000000 5.000000 34.601813
32.000000 5.500000 38.341464
32.000000 6.000000 42.001631
32.000000 6.500000 45.439898
32.000000 7.000000 48.023998
32.000000 7.500000 49.506057
32.000000 8.000000 52.419059
32.000000 8.500000 54.980283
32.000000 9.000000 55.846455
32.000000 9.500000 57.037511
34.000000 0.000000 -10.000000
34.000000 0.500000 -10.000000
34.000000 1.000000 -10.000000
34.000000 1.500000 4.725015
34.000000 2.000000 9.879295
34.000000 2.500000 14.418950
34.000000 3.000000 18.612908
34.000000 3.500000 22.612257
34.000000 4.000000 26.501507
34.000000 4.500000 30.326745
34.000000 5.000000 34.109336
34.000000 5.500000 37.849214
34.000000 6.000000 41.504823
34.000000 6.500000 44.904706
34.000000 7.000000 47.372859
34.000000 7.500000 49.093795
34.000000 8.000000 52.022646
34.000000 8.500000 54.316594
34.000000 9.000000 55.734367
34.000000 9.500000 56.547129
36.000000 0.000000 -10.000000
36.000000 0.500000 -10.000000
36.000000 1.000000 -10.000000
36.000000 1.500000 4.560865
36.000000 2.000000 9.797750
36.000000 2.500000 14.383853
36.000000 3.000000 18.603921
36.000000 3.500000 22.617922
36.000000 4.000000 26.515311
36.000000 4.500000 30.344811
36.000000 5.000000 34.128801
36.000000 5.500000 37.863834
36.000000 6.000000 41.495678
36.000000 6.500000 44.853053
36.000000 7.000000 47.658724
36.000000 7.500000 49.301992
36.000000 8.000000 52.327289
36.000000 8.500000 54.307621
36.000000 9.000000 55.579516
36.000000 9.500000 56.496054
38.000000 0.000000 -10.000000
38.000000 0.500000 -10.000000
38.000000 1.000000 -10.000000
38.000000 1.500000 4.173902
38.000000 2.000000 9.493394
38.000000 2.500000 14.125957
38.000000 3.000000 18.372171
38.000000 3.500000 22.400936
38.000000 4.000000 26.306822
38.000000 4.500000 30.141714
38.000000 5.000000 33.930684
38.000000 5.500000 37.674742
38.000000 6.000000 41.332004
38.000000 6.500000 44.732816
38.000000 7.000000 47.456133
38.000000 7.500000 48.998163
38.000000 8.000000 51.880737
38.000000 8.500000 54.272737
38.000000 9.000000 55.539130
38.000000 9.500000 56.488995
40.000000 0.000000 -10.000000
40.000000 0.500000 -10.000000
40.000000 1.000000 -10.000000
40.000000 1.500000 4.005090
40.000000 2.000000 9.407188
40.000000 2.500000 14.086203
40.000000 3.000000 18.358539
40.000000 3.500000 22.401993
40.000000 4.000000 26.316140
40.000000 4.500000 30.155677
40.000000 5.000000 33.947259
40.000000 5.500000 37.692786
40.000000 6.000000 41.350874
40.000000 6.500000 44.752151
40.000000 7.000000 47.163864
40.000000 7.500000 48.807547
40.000000 8.000000 51.716889
40.000000 8.500000 54.109181
40.000000 9.000000 55.446770
40.000000 9.500000 56.396308
42.000000 0.000000 -10.000000
42.000000 0.500000 -10.000000
42.000000 1.000000 -10.000000
42.000000 1.500000 3.812656
42.000000 2.000000 9.297358
42.000000 2.500000 14.022822
42.000000 3.000000 18.321269
42.000000 3.500000 22.379376
42.000000 4.000000 26.301668
42.000000 4.500000 30.145487
42.000000 5.000000 33.938527
42.000000 5.500000 37.681842
42.000000 6.000000 41.328793
42.000000 6.500000 44.688990
42.000000 7.000000 47.314626
42.000000 7.500000 49.023195
42.000000 8.000000 51.952795
42.000000 8.500000 54.095850
42.000000 9.000000 55.424992
42.000000 9.500000 56.320364
44.000000 0.000000 -10.000000
44.000000 0.500000 -10.000000
44.000000 1.000000 -10.000000
44.000000 1.500000 3.226320
44.000000 2.000000 8.793626
44.000000 2.500000 13.565539
44.000000 3.000000 17.890096
44.000000 3.500000 21.962855
44.000000 4.000000 25.893286
44.000000 4.500000 29.741368
44.000000 5.000000 33.535806
44.000000 5.500000 37.276715
44.000000 6.000000 40.911863
44.000000 6.500000 44.337169
44.000000 7.000000 47.061757
44.000000 7.500000 48.721668
44.000000 8.000000 51.361277
44.000000 8.500000 53.880777
44.000000 9.000000 55.250763
44.000000 9.500000 56.083055
46.000000 0.000000 -10.000000
46.000000 0.500000 -10.000000
46.000000 1.000000 -10.000000
46.000000 1.500000 3.345928
46.000000 2.000000 8.995842
46.000000 2.500000 13.814215
46.000000 3.000000 18.164917
46.000000 3.500000 22.252440
46.000000 4.000000 26.191368
46.000000 4.500000 30.044841
46.000000 5.000000 33.844260
46.000000 5.500000 37.594194
46.000000 6.000000 41.254760
46.000000 6.500000 44.657430
46.000000 7.000000 47.192537
46.000000 7.500000 48.935103
46.000000 8.000000 51.822776
46.000000 8.500000 54.141124
46.000000 9.000000 55.407887
46.000000 9.500000 56.303321
48.000000 0.000000 -10.000000
48.000000 0.500000 -10.000000
48.000000 1.000000 -10.000000
48.000000 1.500000 2.713495
48.000000 2.000000 8.446013
48.000000 2.500000 13.310834
48.000000 3.000000 17.687647
48.000000 3.500000 21.789824
48.000000 4.000000 25.736897
48.000000 4.500000 29.594652
48.000000 5.000000 33.395528
48.000000 5.500000 37.143250
48.000000 6.000000 40.792680
48.000000 6.500000 44.154271
48.000000 7.000000 46.723544
48.000000 7.500000 48.392179
48.000000 8.000000 51.284069
48.000000 8.500000 53.315505
48.000000 9.000000 54.845738
48.000000 9.500000 55.559076
50.000000 0.000000 -10.000000
50.000000 0.500000 -10.000000
50.000000 1.000000 -10.000000
50.000000 1.500000 2.895006
50.000000 2.000000 8.710129
50.000000 2.500000 13.621399
50.000000 3.000000 18.024322
50.000000 3.500000 22.141149
50.000000 4.000000 26.096363
50.000000 4.500000 29.958379
50.000000 5.000000 33.760654
50.000000 5.500000 37.505971
50.000000 6.000000 41.152183
50.000000 6.500000 44.545324
50.000000 7.000000 47.275469
50.000000 7.500000 48.956019
50.000000 8.000000 51.734259
50.000000 8.500000 54.090544
50.000000 9.000000 55.360132
50.000000 9.500000 56.310231
52.000000 0.000000 -10.000000
52.000000 0.500000 -10.000000
52.000000 1.000000 -10.000000
52.000000 1.500000 1.960417
52.000000 2.000000 7.858148
52.000000 2.500000 12.815882
52.000000 3.000000 17.244962
52.000000 3.500000 21.376588
52.000000 4.000000 25.340407
52.000000 4.500000 29.208161
52.000000 5.000000 33.016511
52.000000 5.500000 36.774339
52.000000 6.000000 40.448687
52.000000 6.500000 43.891599
52.000000 7.000000 46.478312
52.000000 7.500000 48.292739
52.000000 8.000000 51.167698
52.000000 8.500000 53.437356
52.000000 9.000000 54.562659
52.000000 9.500000 55.415749
54.000000 0.000000 -10.000000
54.000000 0.500000 -10.000000
54.000000 1.000000 -10.000000
54.000000 1.500000 2.530585
54.000000 2.000000 8.510920
54.000000 2.500000 13.515099
54.000000 3.000000 17.970278
54.000000 3.500000 22.116523
54.000000 4.000000 26.088379
54.000000 4.500000 29.960069
54.000000 5.000000 33.768782
54.000000 5.500000 37.520911
54.000000 6.000000 41.172819
54.000000 6.500000 44.535803
54.000000 7.000000 47.162942
54.000000 7.500000 48.937002
54.000000 8.000000 51.793688
54.000000 8.500000 53.988825
54.000000 9.000000 55.349729
54.000000 9.500000 56.183302
56.000000 0.000000 -10.000000
56.000000 0.500000 -10.000000
56.000000 1.000000 -10.000000
56.000000 1.500000 1.412569
56.000000 2.000000 7.475508
56.000000 2.500000 12.526135
56.000000 3.000000 17.007425
56.000000 3.500000 21.168321
56.000000 4.000000 25.148316
56.000000 4.500000 29.024268
56.000000 5.000000 32.834380
56.000000 5.500000 36.584103
56.000000 6.000000 40.224207
56.000000 6.500000 43.543299
56.000000 7.000000 46.296742
56.000000 7.500000 48.039248
56.000000 8.000000 50.677431
56.000000 8.500000 53.008162
56.000000 9.000000 54.259819
56.000000 9.500000 55.314147
58.000000 0.000000 -10.000000
58.000000 0.500000 -10.000000
58.000000 1.000000 -10.000000
58.000000 1.500000 2.029961
58.000000 2.000000 8.175505
58.000000 2.500000 13.272585
58.000000 3.000000 17.779997
58.000000 3.500000 21.955582
58.000000 4.000000 25.943838
58.000000 4.500000 29.824436
58.000000 5.000000 33.637159
58.000000 5.500000 37.388351
58.000000 6.000000 41.049819
58.000000 6.500000 44.494125
58.000000 7.000000 47.109892
58.000000 7.500000 48.877849
58.000000 8.000000 51.700097
58.000000 8.500000 54.041494
58.000000 9.000000 55.319823
58.000000 9.500000 56.145922
60.000000 0.000000 -10.000000
60.000000 0.500000 -10.000000
60.000000 1.000000 -10.000000
60.000000 1.500000 0.770061
60.000000 2.000000 6.998213
60.000000 2.500000 12.141753
60.000000 3.000000 16.675310
60.000000 3.500000 20.865660
60.000000 4.000000 24.862412
60.000000 4.500000 28.748402
60.000000 5.000000 32.566106
60.000000 5.500000 36.326323
60.000000 6.000000 39.992671
60.000000 6.500000 43.398593
60.000000 7.000000 46.026636
60.000000 7.500000 47.912987
60.000000 8.000000 50.697955
60.000000 8.500000 52.795293
60.000000 9.000000 53.993329
60.000000 9.500000 55.048529
62.000000 0.000000 -10.000000
62.000000 0.500000 -10.000000
62.000000 1.000000 -10.000000
62.000000 1.500000 1.668248
62.000000 2.000000 7.979004
62.000000 2.500000 13.168988
62.000000 3.000000 17.728644
62.000000 3.500000 21.933609
62.000000 4.000000 25.938386
62.000000 4.500000 29.828274
62.000000 5.000000 33.646222
62.000000 5.500000 37.400352
62.000000 6.000000 41.052779
62.000000 6.500000 44.417621
62.000000 7.000000 47.144168
62.000000 7.500000 48.919444
62.000000 8.000000 51.635826
62.000000 8.500000 53.945362
62.000000 9.000000 55.258539
62.000000 9.500000 56.180831
64.000000 0.000000 -10.000000
64.000000 0.500000 -10.000000
64.000000 1.000000 -10.000000
64.000000 1.500000 0.295178
64.000000 2.000000 6.688538
64.000000 2.500000 11.924975
64.000000 3.000000 16.510753
64.000000 3.500000 20.730408
64.000000 4.000000 24.743445
64.000000 4.500000 28.637978
64.000000 5.000000 32.458539
64.000000 5.500000 36.214138
64.000000 6.000000 39.857546
64.000000 6.500000 43.292137
64.000000 7.000000 45.880417
64.000000 7.500000 47.676078
64.000000 8.000000 50.413046
64.000000 8.500000 52.841117
64.000000 9.000000 53.996466
64.000000 9.500000 54.891322
66.000000 0.000000 -10.000000
66.000000 0.500000 -10.000000
66.000000 1.000000 -10.000000
66.000000 1.500000 1.219201
66.000000 2.000000 7.695170
66.000000 2.500000 12.978067
66.000000 3.000000 17.589991
66.000000 3.500000 21.824409
66.000000 4.000000 25.845943
66.000000 4.500000 29.745868
66.000000 5.000000 33.571409
66.000000 5.500000 37.336033
66.000000 6.000000 41.004859
66.000000 6.500000 44.412175
66.000000 7.000000 47.017656
66.000000 7.500000 48.839404
66.000000 8.000000 51.656808
66.000000 8.500000 53.910099
66.000000 9.000000 55.205126
66.000000 9.500000 56.063845
68.000000 0.000000 -10.000000
68.000000 0.500000 -10.000000
68.000000 1.000000 -10.000000
68.000000 1.500000 -10.000000
68.000000 2.000000 6.199036
68.000000 2.500000 11.528374
68.000000 3.000000 16.166383
68.000000 3.500000 20.415377
68.000000 4.000000 24.444808
68.000000 4.500000 28.348231
68.000000 5.000000 32.172742
68.000000 5.500000 35.927209
68.000000 6.000000 39.574317
68.000000 6.500000 42.983745
68.000000 7.000000 45.768530
68.000000 7.500000 47.558438
68.000000 8.000000 50.167216
68.000000 8.500000 52.391277
68.000000 9.000000 53.993217
68.000000 9.500000 54.764102
70.000000 0.000000 -10.000000
70.000000 0.500000 -10.000000
70.000000 1.000000 -10.000000
70.000000 1.500000 0.811029
70.000000 2.000000 7.452206
70.000000 2.500000 12.828000
70.000000 3.000000 17.492145
70.000000 3.500000 21.755868
70.000000 4.000000 25.793686
70.000000 4.500000 29.702156
70.000000 5.000000 33.530553
70.000000 5.500000 37.290936
70.000000 6.000000 40.972718
70.000000 6.500000 44.419811
70.000000 7.000000 47.068634
70.000000 7.500000 48.860443
70.000000 8.000000 51.620080
70.000000 8.500000 53.970403
70.000000 9.000000 55.226356
70.000000 9.500000 58.620852
72.000000 0.000000 -10.000000
72.000000 0.500000 -10.000000
72.000000 1.000000 -10.000000
72.000000 1.500000 -10.000000
72.000000 2.000000 6.025955
72.000000 2.500000 11.448209
72.000000 3.000000 16.138499
72.000000 3.500000 20.416986
72.000000 4.000000 24.463301
72.000000 4.500000 28.377163
72.000000 5.000000 32.210540
72.000000 5.500000 35.979571
72.000000 6.000000 39.650875
72.000000 6.500000 43.059584
72.000000 7.000000 45.637383
72.000000 7.500000 47.449383
72.000000 8.000000 50.310079
72.000000 8.500000 52.487978
72.000000 9.000000 53.786017
72.000000 9.500000 54.712989
74.000000 0.000000 -10.000000
74.000000 0.500000 -10.000000
74.000000 1.000000 -10.000000
74.000000 1.500000 0.400105
74.000000 2.000000 7.206495
74.000000 2.500000 12.675202
74.000000 3.000000 17.391614
74.000000 3.500000 21.684791
74.000000 4.000000 25.739367
74.000000 4.500000 29.657873
74.000000 5.000000 33.493863
74.000000 5.500000 37.264362
74.000000 6.000000 40.936493
74.000000 6.500000 44.345667
74.000000 7.000000 47.054189
74.000000 7.500000 48.800699
74.000000 8.000000 51.544939
74.000000 8.500000 53.827732
74.000000 9.000000 55.184032
74.000000 9.500000 56.041658
76.000000 0.000000 -10.000000
76.000000 0.500000 -10.000000
76.000000 1.000000 -10.000000
76.000000 1.500000 -10.000000
76.000000 2.000000 5.591843
76.000000 2.500000 11.106999
76.000000 3.000000 15.849522
76.000000 3.500000 20.157352
76.000000 4.000000 24.220073
76.000000 4.500000 28.142861
76.000000 5.000000 31.980308
76.000000 5.500000 35.748596
76.000000 6.000000 39.409590
76.000000 6.500000 42.855134
76.000000 7.000000 45.598922
76.000000 7.500000 47.284975
76.000000 8.000000 50.188723
76.000000 8.500000 52.391391
76.000000 9.000000 53.612715
76.000000 9.500000 54.637803
78.000000 0.000000 -10.000000
78.000000 0.500000 -10.000000
78.000000 1.000000 -10.000000
78.000000 1.500000 0.005296
78.000000 2.000000 6.976897
78.000000 2.500000 12.538509
78.000000 3.000000 17.307166
78.000000 3.500000 21.629722
78.000000 4.000000 25.700818
78.000000 4.500000 29.628615
78.000000 5.000000 33.469829
78.000000 5.500000 37.243267
78.000000 6.000000 40.917049
78.000000 6.500000 44.327152
78.000000 7.000000 46.897649
78.000000 7.500000 48.746820
78.000000 8.000000 51.552941
78.000000 8.500000 53.860281
78.000000 9.000000 55.118898
78.000000 9.500000 58.459288
80.000000 0.000000 -10.000000
80.000000 0.500000 -10.000000
80.000000 1.000000 -10.000000
80.000000 1.500000 -10.000000
80.000000 2.000000 5.496791
80.000000 2.500000 11.104855
80.000000 3.000000 15.899634
80.000000 3.500000 20.236879
80.000000 4.000000 24.316237
80.000000 4.500000 28.248679
80.000000 5.000000 32.092505
80.000000 5.500000 35.867411
80.000000 6.000000 39.542020
80.000000 6.500000 42.952587
80.000000 7.000000 45.618176
80.000000 7.500000 47.299075
80.000000 8.000000 50.039699
80.000000 8.500000 52.233179
80.000000 9.000000 53.626991
80.000000 9.500000 54.608304
82.000000 0.000000 -10.000000
82.000000 0.500000 -10.000000
82.000000 1.000000 -10.000000
82.000000 1.500000 -10.000000
82.000000 2.000000 6.723027
82.000000 2.500000 12.377540
82.000000 3.000000 17.198429
82.000000 3.500000 21.550328
82.000000 4.000000 25.637831
82.000000 4.500000 29.574554
82.000000 5.000000 33.419838
82.000000 5.500000 37.192533
82.000000 6.000000 40.856005
82.000000 6.500000 44.262524
82.000000 7.000000 46.970504
82.000000 7.500000 48.704042
82.000000 8.000000 51.498124
82.000000 8.500000 53.816339
82.000000 9.000000 55.088461
82.000000 9.500000 56.647894
84.000000 0.000000 -10.000000
84.000000 0.500000 -10.000000
84.000000 1.000000 -10.000000
84.000000 1.500000 -10.000000
84.000000 2.000000 5.196929
84.000000 2.500000 10.897902
84.000000 3.000000 15.744936
84.000000 3.500000 20.111595
84.000000 4.000000 24.207582
84.000000 4.500000 28.149660
84.000000 5.000000 31.999806
84.000000 5.500000 35.781138
84.000000 6.000000 39.468702
84.000000 6.500000 42.919047
84.000000 7.000000 45.509939
84.000000 7.500000 47.195633
84.000000 8.000000 50.149228
84.000000 8.500000 52.473398
84.000000 9.000000 53.670105
84.000000 9.500000 54.447016
86.000000 0.000000 -10.000000
86.000000 0.500000 -10.000000
86.000000 1.000000 -10.000000
86.000000 1.500000 -10.000000
86.000000 2.000000 6.438806
86.000000 2.500000 12.186228
86.000000 3.000000 17.059373
86.000000 3.500000 21.440687
86.000000 4.000000 25.544826
86.000000 4.500000 29.491204
86.000000 5.000000 33.342867
86.000000 5.500000 37.122180
86.000000 6.000000 40.799267
86.000000 6.500000 44.211228
86.000000 7.000000 46.894391
86.000000 7.500000 48.571820
86.000000 8.000000 51.395718
86.000000 8.500000 53.672209
86.000000 9.000000 55.030845
86.000000 9.500000 55.868678
88.000000 0.000000 -10.000000
88.000000 0.500000 -10.000000
88.000000 1.000000 -10.000000
88.000000 1.500000 -10.000000
88.000000 2.000000 5.128723
88.000000 2.500000 10.922594
88.000000 3.000000 15.821849
88.000000 3.500000 20.217817
88.000000 4.000000 24.330101
88.000000 4.500000 28.280760
88.000000 5.000000 32.133881
88.000000 5.500000 35.910982
88.000000 6.000000 39.576933
88.000000 6.500000 42.947814
88.000000 7.000000 45.661375
88.000000 7.500000 47.297273
88.000000 8.000000 50.189768
88.000000 8.500000 52.406779
88.000000 9.000000 53.762873
88.000000 9.500000 54.702156
90.000000 0.000000 -10.000000
90.000000 0.500000 -10.000000
90.000000 1.000000 -10.000000
90.000000 1.500000 -10.000000
90.000000 2.000000 6.207828
90.000000 2.500000 12.048151
90.000000 3.000000 16.973528
90.000000 3.500000 21.384185
90.000000 4.000000 25.504730
90.000000 4.500000 29.460035
90.000000 5.000000 33.315768
90.000000 5.500000 37.094338
90.000000 6.000000 40.761115
90.000000 6.500000 44.175927
90.000000 7.000000 46.767602
90.000000 7.500000 48.582854
90.000000 8.000000 51.403879
90.000000 8.500000 53.731890
90.000000 9.000000 54.963486
90.000000 9.500000 55.811572
92.000000 0.000000 -10.000000
92.000000 0.500000 -10.000000
92.000000 1.000000 -10.000000
92.000000 1.500000 -10.000000
92.000000 2.000000 4.930156
92.000000 2.500000 10.816935
92.000000 3.000000 15.768446
92.000000 3.500000 20.193829
92.000000 4.000000 24.322750
92.000000 4.500000 28.283063
92.000000 5.000000 32.142563
92.000000 5.500000 35.926283
92.000000 6.000000 39.605848
92.000000 6.500000 43.019202
92.000000 7.000000 45.726396
92.000000 7.500000 47.334261
92.000000 8.000000 50.187271
92.000000 8.500000 52.510916
92.000000 9.000000 53.877973
92.000000 9.500000 54.678387
94.000000 0.000000 -10.000000
94.000000 0.500000 -10.000000
94.000000 1.000000 -10.000000
94.000000 1.500000 -10.000000
94.000000 2.000000 5.924562
94.000000 2.500000 11.857789
94.000000 3.000000 16.835412
94.000000 3.500000 21.275448
94.000000 4.000000 25.412514
94.000000 4.500000 29.377109
94.000000 5.000000 33.238066
94.000000 5.500000 37.019574
94.000000 6.000000 40.688003
94.000000 6.500000 44.061791
94.000000 7.000000 46.796099
94.000000 7.500000 48.435802
94.000000 8.000000 51.333842
94.000000 8.500000 53.587629
94.000000 9.000000 54.934751
94.000000 9.500000 55.837830
96.000000 0.000000 -10.000000
96.000000 0.500000 -10.000000
96.000000 1.000000 -10.000000
96.000000 1.500000 -10.000000
96.000000 2.000000 4.851340
96.000000 2.500000 10.831020
96.000000 3.000000 15.834765
96.000000 3.500000 20.289490
96.000000 4.000000 24.434817
96.000000 4.500000 28.404057
96.000000 5.000000 32.267627
96.000000 5.500000 36.050604
96.000000 6.000000 39.719858
96.000000 6.500000 43.132704
96.000000 7.000000 45.725163
96.000000 7.500000 47.403347
96.000000 8.000000 50.385444
96.000000 8.500000 52.690279
96.000000 9.000000 53.961431
96.000000 9.500000 54.757823
98.000000 0.000000 -10.000000
98.000000 0.500000 -10.000000
98.000000 1.000000 -10.000000
98.000000 1.500000 -10.000000
98.000000 2.000000 5.687806
98.000000 2.500000 11.713939
98.000000 3.000000 16.743805
98.000000 3.500000 21.213220
98.000000 4.000000 25.366807
98.000000 4.500000 29.340693
98.000000 5.000000 33.206875
98.000000 5.500000 36.991321
98.000000 6.000000 40.661401
98.000000 6.500000 44.075731
98.000000 7.000000 46.747946
98.000000 7.500000 48.433072
98.000000 8.000000 51.261595
98.000000 8.500000 53.582958
98.000000 9.000000 54.883219
98.000000 9.500000 55.736650
100.000000 0.000000 -10.000000
100.000000 0.500000 -10.000000
100.000000 1.000000 -10.000000
100.000000 1.500000 -10.000000
100.000000 2.000000 4.754483
100.000000 2.500000 10.827071
100.000000 3.000000 15.883071
100.000000 3.500000 20.367212
100.000000 4.000000 24.529175
100.000000 4.500000 28.508070
100.000000 5.000000 32.378018
100.000000 5.500000 36.167614
100.000000 6.000000 39.850483
100.000000 6.500000 43.265695
100.000000 7.000000 45.951852
100.000000 7.500000 47.602220
100.000000 8.000000 50.511786
100.000000 8.500000 52.726347
100.000000 9.000000 54.051216
100.000000 9.500000 54.994533
102.000000 0.000000 -10.000000
102.000000 0.500000 -10.000000
102.000000 1.000000 -10.000000
102.000000 1.500000 -10.000000
102.000000 2.000000 5.420087
102.000000 2.500000 11.539125
102.000000 3.000000 16.621235
102.000000 3.500000 21.120030
102.000000 4.000000 25.290138
102.000000 4.500000 29.273314
102.000000 5.000000 33.144720
102.000000 5.500000 36.932104
102.000000 6.000000 40.603837
102.000000 6.500000 44.003909
102.000000 7.000000 46.616719
102.000000 7.500000 48.352194
102.000000 8.000000 51.226902
102.000000 8.500000 53.563095
102.000000 9.000000 54.800890
102.000000 9.500000 55.659718
104.000000 0.000000 -10.000000
104.000000 0.500000 -10.000000
104.000000 1.000000 -10.000000
104.000000 1.500000 -10.000000
104.000000 2.000000 4.626462
104.000000 2.500000 10.791952
104.000000 3.000000 15.900185
104.000000 3.500000 20.413669
104.000000 4.000000 24.592038
104.000000 4.500000 28.579859
104.000000 5.000000 32.453877
104.000000 5.500000 36.242730
104.000000 6.000000 39.924718
104.000000 6.500000 43.364304
104.000000 7.000000 46.060956
104.000000 7.500000 47.679126
104.000000 8.000000 50.627895
104.000000 8.500000 52.924028
104.000000 9.000000 54.232866
104.000000 9.500000 55.007250
106.000000 0.000000 -10.000000
106.000000 0.500000 -10.000000
106.000000 1.000000 -10.000000
106.000000 1.500000 -10.000000
106.000000 2.000000 5.119599
106.000000 2.500000 11.331542
106.000000 3.000000 16.465896
106.000000 3.500000 20.994070
106.000000 4.000000 25.180699
106.000000 4.500000 29.173166
106.000000 5.000000 33.049796
106.000000 5.500000 36.840118
106.000000 6.000000 40.513503
106.000000 6.500000 43.927092
106.000000 7.000000 46.618153
106.000000 7.500000 48.316454
106.000000 8.000000 51.170738
106.000000 8.500000 53.417254
106.000000 9.000000 54.748226
106.000000 9.500000 55.661785
108.000000 0.000000 -10.000000
108.000000 0.500000 -10.000000
108.000000 1.000000 -10.000000
108.000000 1.500000 -10.000000
108.000000 2.000000 4.629075
108.000000 2.500000 10.887470
108.000000 3.000000 16.047947
108.000000 3.500000 20.590810
108.000000 4.000000 24.785700
108.000000 4.500000 28.782812
108.000000 5.000000 32.662054
108.000000 5.500000 36.453845
108.000000 6.000000 40.137584
108.000000 6.500000 43.554655
108.000000 7.000000 46.229660
108.000000 7.500000 47.932411
108.000000 8.000000 50.812060
108.000000 8.500000 53.112963
108.000000 9.000000 54.418630
108.000000 9.500000 55.273609
110.000000 0.000000 -10.000000
110.000000 0.500000 -10.000000
110.000000 1.000000 -10.000000
110.000000 1.500000 -10.000000
110.000000 2.000000 4.881657
110.000000 2.500000 11.186501
110.000000 3.000000 16.373088
110.000000 3.500000 20.930602
110.000000 4.000000 25.133631
110.000000 4.500000 29.135005
110.000000 5.000000 33.015647
110.000000 5.500000 36.805032
110.000000 6.000000 40.467439
110.000000 6.500000 43.888785
110.000000 7.000000 46.562452
110.000000 7.500000 48.306041
110.000000 8.000000 51.083496
110.000000 8.500000 53.450120
110.000000 9.000000 54.714331
110.000000 9.500000 55.539302
112.000000 0.000000 -10.000000
112.000000 0.500000 -10.000000
112.000000 1.000000 -10.000000
112.000000 1.500000 -10.000000
112.000000 2.000000 4.587867
112.000000 2.500000 10.939170
112.000000 3.000000 16.151903
112.000000 3.500000 20.724181
112.000000 4.000000 24.935707
112.000000 4.500000 28.942473
112.000000 5.000000 32.828095
112.000000 5.500000 36.626505
112.000000 6.000000 40.314330
112.000000 6.500000 43.732330
112.000000 7.000000 46.394188
112.000000 7.500000 48.066927
112.000000 8.000000 50.985485
112.000000 8.500000 53.228031
112.000000 9.000000 54.591965
112.000000 9.500000 55.438770
114.000000 0.000000 -10.000000
114.000000 0.500000 -10.000000
114.000000 1.000000 -10.000000
114.000000 1.500000 -10.000000
114.000000 2.000000 4.559970
114.000000 2.500000 10.957719
114.000000 3.000000 16.196550
114.000000 3.500000 20.783443
114.000000 4.000000 25.002994
114.000000 4.500000 29.013658
114.000000 5.000000 32.899524
114.000000 5.500000 36.691847
114.000000 6.000000 40.355906
114.000000 6.500000 43.774985
114.000000 7.000000 46.466121
114.000000 7.500000 48.196254
114.000000 8.000000 51.056428
114.000000 8.500000 53.337395
114.000000 9.000000 54.634432
114.000000 9.500000 55.511020
116.000000 0.000000 -10.000000
116.000000 0.500000 -10.000000
116.000000 1.000000 -10.000000
116.000000 1.500000 -10.000000
116.000000 2.000000 4.567708
116.000000 2.500000 11.011912
116.000000 3.000000 16.276878
116.000000 3.500000 20.878499
116.000000 4.000000 25.106431
116.000000 4.500000 29.122124
116.000000 5.000000 33.011816
116.000000 5.500000 36.809482
116.000000 6.000000 40.486997
116.000000 6.500000 43.928934
116.000000 7.000000 46.583228
116.000000 7.500000 48.295458
116.000000 8.000000 51.156856
116.000000 8.500000 53.491881
116.000000 9.000000 54.771447
116.000000 9.500000 55.592801
118.000000 0.000000 -10.000000
118.000000 0.500000 -10.000000
118.000000 1.000000 -10.000000
118.000000 1.500000 -10.000000
118.000000 2.000000 4.362098
118.000000 2.500000 10.852751
118.000000 3.000000 16.143827
118.000000 3.500000 20.760100
118.000000 4.000000 24.996171
118.000000 4.500000 29.016126
118.000000 5.000000 32.907216
118.000000 5.500000 36.702477
118.000000 6.000000 40.373463
118.000000 6.500000 43.792856
118.000000 7.000000 46.433009
118.000000 7.500000 48.218438
118.000000 8.000000 51.008208
118.000000 8.500000 53.261195
118.000000 9.000000 54.587453
118.000000 9.500000 55.478541
120.000000 0.000000 -10.000000
120.000000 0.500000 -10.000000
120.000000 1.000000 -10.000000
120.000000 1.500000 -10.000000
120.000000 2.000000 4.551285
120.000000 2.500000 11.088398
120.000000 3.000000 16.405619
120.000000 3.500000 21.036656
120.000000 4.000000 25.281224
120.000000 4.500000 29.306571
120.000000 5.000000 33.202642
120.000000 5.500000 37.006927
120.000000 6.000000 40.698057
120.000000 6.500000 44.117915
120.000000 7.000000 46.781770
120.000000 7.500000 48.494854
120.000000 8.000000 51.347972
120.000000 8.500000 53.652966
120.000000 9.000000 54.959792
120.000000 9.500000 55.827620
122.000000 0.000000 -10.000000
122.000000 0.500000 -10.000000
122.000000 1.000000 -10.000000
122.000000 1.500000 -10.000000
122.000000 2.000000 4.043187
122.000000 2.500000 10.626745
122.000000 3.000000 15.970065
122.000000 3.500000 20.615717
122.000000 4.000000 24.868309
122.000000 4.500000 28.897555
122.000000 5.000000 32.793869
122.000000 5.500000 36.592068
122.000000 6.000000 40.264651
122.000000 6.500000 43.723383
122.000000 7.000000 46.377158
122.000000 7.500000 48.149335
122.000000 8.000000 50.935973
122.000000 8.500000 53.287941
122.000000 9.000000 54.567337
122.000000 9.500000 55.352827
124.000000 0.000000 -10.000000
124.000000 0.500000 -10.000000
124.000000 1.000000 -10.000000
124.000000 1.500000 -10.000000
124.000000 2.000000 4.497737
124.000000 2.500000 11.127752
124.000000 3.000000 16.497206
124.000000 3.500000 21.157585
124.000000 4.000000 25.418559
124.000000 4.500000 29.452833
124.000000 5.000000 33.352973
124.000000 5.500000 37.159138
124.000000 6.000000 40.851920
124.000000 6.500000 44.272706
124.000000 7.000000 46.943630
124.000000 7.500000 48.663524
124.000000 8.000000 51.534552
124.000000 8.500000 53.833093
124.000000 9.000000 55.148786
124.000000 9.500000 55.990113
126.000000 0.000000 -10.000000
126.000000 0.500000 -10.000000
126.000000 1.000000 -10.000000
126.000000 1.500000 -10.000000
126.000000 2.000000 3.853021
126.000000 2.500000 10.529491
126.000000 3.000000 15.925079
126.000000 3.500000 20.600184
126.000000 4.000000 24.869534
126.000000 4.500000 28.908817
126.000000 5.000000 32.812724
126.000000 5.500000 36.621416
126.000000 6.000000 40.315024
126.000000 6.500000 43.736275
126.000000 7.000000 46.433757
126.000000 7.500000 48.211922
126.000000 8.000000 50.964589
126.000000 8.500000 53.231293
126.000000 9.000000 54.517778
126.000000 9.500000 55.480556
128.000000 0.000000 -10.000000
128.000000 0.500000 -10.000000
128.000000 1.000000 -10.000000
128.000000 1.500000 -10.000000
128.000000 2.000000 4.515909
128.000000 2.500000 11.238828
128.000000 3.000000 16.660526
128.000000 3.500000 21.350285
128.000000 4.000000 25.627780
128.000000 4.500000 29.671344
128.000000 5.000000 33.576709
128.000000 5.500000 37.383189
128.000000 6.000000 41.070436
128.000000 6.500000 44.504304
128.000000 7.000000 47.143971
128.000000 7.500000 48.927195
128.000000 8.000000 51.759403
128.000000 8.500000 54.070474
128.000000 9.000000 55.358846
128.000000 9.500000 56.191088
130.000000 0.000000 -10.000000
130.000000 0.500000 -10.000000
130.000000 1.000000 -10.000000
130.000000 1.500000 -10.000000
130.000000 2.000000 3.631803
130.000000 2.500000 10.401178
130.000000 3.000000 15.849010
130.000000 3.500000 20.553494
130.000000 4.000000 24.839365
130.000000 4.500000 28.887939
130.000000 5.000000 32.797070
130.000000 5.500000 36.608700
130.000000 6.000000 40.303961
130.000000 6.500000 43.726141
130.000000 7.000000 46.399289
130.000000 7.500000 48.225494
130.000000 8.000000 50.989648
130.000000 8.500000 53.232405
130.000000 9.000000 54.559291
130.000000 9.500000 55.396307
132.000000 0.000000 -10.000000
132.000000 0.500000 -10.000000
132.000000 1.000000 -10.000000
132.000000 1.500000 -10.000000
132.000000 2.000000 4.468140
132.000000 2.500000 11.283968
132.000000 3.000000 16.757922
132.000000 3.500000 21.477096
132.000000 4.000000 25.771227
132.000000 4.500000 29.824446
132.000000 5.000000 33.736190
132.000000 5.500000 37.549289
132.000000 6.000000 41.245375
132.000000 6.500000 44.668020
132.000000 7.000000 47.345841
132.000000 7.500000 49.051467
132.000000 8.000000 51.935517
132.000000 8.500000 54.222537
132.000000 9.000000 55.553131
132.000000 9.500000 56.393591
134.000000 0.000000 -10.000000
134.000000 0.500000 -10.000000
134.000000 1.000000 -10.000000
134.000000 1.500000 -10.000000
134.000000 2.000000 3.435809
134.000000 2.500000 10.298086
134.000000 3.000000 15.798150
134.000000 3.500000 20.531978
134.000000 4.000000 24.834254
134.000000 4.500000 28.891754
134.000000 5.000000 32.804956
134.000000 5.500000 36.615843
134.000000 6.000000 40.300793
134.000000 6.500000 43.752859
134.000000 7.000000 46.375414
134.000000 7.500000 48.254719
134.000000 8.000000 50.969344
134.000000 8.500000 53.320640
134.000000 9.000000 54.590276
134.000000 9.500000 55.384677
136.000000 0.000000 -10.000000
136.000000 0.500000 -10.000000
136.000000 1.000000 -10.000000
136.000000 1.500000 -10.000000
136.000000 2.000000 4.527577
136.000000 2.500000 11.436306
136.000000 3.000000 16.962493
136.000000 3.500000 21.711009
136.000000 4.000000 26.021547
136.000000 4.500000 30.083692
136.000000 5.000000 33.999506
136.000000 5.500000 37.811862
136.000000 6.000000 41.501273
136.000000 6.500000 44.924847
136.000000 7.000000 47.578139
136.000000 7.500000 49.349325
136.000000 8.000000 52.165631
136.000000 8.500000 54.482673
136.000000 9.000000 55.773035
136.000000 9.500000 56.626522
138.000000 0.000000 -10.000000
138.000000 0.500000 -10.000000
138.000000 1.000000 -10.000000
138.000000 1.500000 -10.000000
138.000000 2.000000 3.319040
138.000000 2.500000 10.274221
138.000000 3.000000 15.826530
138.000000 3.500000 20.589736
138.000000 4.000000 24.908534
138.000000 4.500000 28.975658
138.000000 5.000000 32.895238
138.000000 5.500000 36.712744
138.000000 6.000000 40.411308
138.000000 6.500000 43.835347
138.000000 7.000000 46.526143
138.000000 7.500000 48.352324
138.000000 8.000000 51.063661
138.000000 8.500000 53.327584
138.000000 9.000000 54.657359
138.000000 9.500000 55.574843
140.000000 0.000000 -10.000000
140.000000 0.500000 -10.000000
140.000000 1.000000 -10.000000
140.000000 1.500000 -10.000000
140.000000 2.000000 4.506131
140.000000 2.500000 11.507768
140.000000 3.000000 17.086211
140.000000 3.500000 21.864143
140.000000 4.000000 26.191316
140.000000 4.500000 30.263116
140.000000 5.000000 34.185309
140.000000 5.500000 38.004284
140.000000 6.000000 41.703674
140.000000 6.500000 45.128177
140.000000 7.000000 47.778887
140.000000 7.500000 49.533206
140.000000 8.000000 52.373651
140.000000 8.500000 54.681902
140.000000 9.000000 55.983930
140.000000 9.500000 56.827904
142.000000 0.000000 -10.000000
142.000000 0.500000 -10.000000
142.000000 1.000000 -10.000000
142.000000 1.500000 -10.000000
142.000000 2.000000 3.194358
142.000000 2.500000 10.242444
142.000000 3.000000 15.846997
142.000000 3.500000 20.639582
142.000000 4.000000 24.974901
142.000000 4.500000 29.050982
142.000000 5.000000 32.974633
142.000000 5.500000 36.791396
142.000000 6.000000 40.479650
142.000000 6.500000 43.884331
142.000000 7.000000 46.606170
142.000000 7.500000 48.371087
142.000000 8.000000 51.151428
142.000000 8.500000 53.454261
142.000000 9.000000 54.726530
142.000000 9.500000 55.536197
144.000000 0.000000 -10.000000
144.000000 0.500000 -10.000000
144.000000 1.000000 -10.000000
144.000000 1.500000 -10.000000
144.000000 2.000000 5.296947
144.000000 2.500000 12.391486
144.000000 3.000000 18.022161
144.000000 3.500000 22.829436
144.000000 4.000000 27.173015
144.000000 4.500000 31.253741
144.000000 5.000000 35.180004
144.000000 5.500000 38.998236
144.000000 6.000000 42.687316
144.000000 6.500000 46.094181
144.000000 7.000000 48.738715
144.000000 7.500000 50.560665
144.000000 8.000000 53.315713
144.000000 8.500000 55.641133
144.000000 9.000000 56.904092
144.000000 9.500000 58.489492
146.000000 0.000000 -10.000000
146.000000 0.500000 -10.000000
146.000000 1.000000 -10.000000
146.000000 1.500000 -10.000000
146.000000 2.000000 5.440405
146.000000 2.500000 12.581396
146.000000 3.000000 18.238193
146.000000 3.500000 23.060158
146.000000 4.000000 27.411998
146.000000 4.500000 31.497369
146.000000 5.000000 35.426244
146.000000 5.500000 39.245945
146.000000 6.000000 42.935851
146.000000 6.500000 46.352987
146.000000 7.000000 49.011015
146.000000 7.500000 50.815093
146.000000 8.000000 53.587473
146.000000 8.500000 55.923991
146.000000 9.000000 57.218574
146.000000 9.500000 58.060982
148.000000 0.000000 -10.000000
148.000000 0.500000 -10.000000
148.000000 1.000000 -10.000000
148.000000 1.500000 -10.000000
148.000000 2.000000 5.582345
148.000000 2.500000 12.769788
148.000000 3.000000 18.452708
148.000000 3.500000 23.289362
148.000000 4.000000 27.649463
148.000000 4.500000 31.739479
148.000000 5.000000 35.670966
148.000000 5.500000 39.492136
148.000000 6.000000 43.182868
148.000000 6.500000 46.602860
148.000000 7.000000 49.259226
148.000000 7.500000 51.036253
148.000000 8.000000 53.826456
148.000000 8.500000 56.143357
148.000000 9.000000 57.442652
148.000000 9.500000 58.309510
150.000000 0.000000 -10.000000
150.000000 0.500000 -10.000000
150.000000 1.000000 -10.000000
150.000000 1.500000 -10.000000
150.000000 2.000000 5.369517
150.000000 2.500000 12.603417
150.000000 3.000000 18.312470
150.000000 3.500000 23.163850
150.000000 4.000000 27.532326
150.000000 4.500000 31.627352
150.000000 5.000000 35.562606
150.000000 5.500000 39.388925
150.000000 6.000000 43.092446
150.000000 6.500000 46.519272
150.000000 7.000000 49.187312
150.000000 7.500000 50.914402
150.000000 8.000000 53.797735
150.000000 8.500000 56.062464
150.000000 9.000000 57.404155
150.000000 9.500000 58.237913
152.000000 0.000000 -10.000000
152.000000 0.500000 -10.000000
152.000000 1.000000 -10.000000
152.000000 1.500000 -10.000000
152.000000 2.000000 5.627121
152.000000 2.500000 12.907470
152.000000 3.000000 18.642634
152.000000 3.500000 23.508667
152.000000 4.000000 27.885289
152.000000 4.500000 31.984596
152.000000 5.000000 35.921307
152.000000 5.500000 39.745415
152.000000 6.000000 43.437799
152.000000 6.500000 46.863006
152.000000 7.000000 49.513409
152.000000 7.500000 51.301823
152.000000 8.000000 54.103945
152.000000 8.500000 56.415175
152.000000 9.000000 57.716793
152.000000 9.500000 60.540643
154.000000 0.000000 -10.000000
154.000000 0.500000 -10.000000
154.000000 1.000000 -10.000000
154.000000 1.500000 -10.000000
154.000000 2.000000 5.458434
154.000000 2.500000 12.785235
154.000000 3.000000 18.546521
154.000000 3.500000 23.427244
154.000000 4.000000 27.812126
154.000000 4.500000 31.916079
154.000000 5.000000 35.855402
154.000000 5.500000 39.680979
154.000000 6.000000 43.374190
154.000000 6.500000 46.797008
154.000000 7.000000 49.464986
154.000000 7.500000 51.205448
154.000000 8.000000 54.051865
154.000000 8.500000 56.370161
154.000000 9.000000 57.655466
154.000000 9.500000 58.488773
156.000000 0.000000 -10.000000
156.000000 0.500000 -10.000000
156.000000 1.000000 -10.000000
156.000000 1.500000 -10.000000
156.000000 2.000000 5.807388
156.000000 2.500000 13.180642
156.000000 3.000000 18.968050
156.000000 3.500000 23.863462
156.000000 4.000000 28.256605
156.000000 4.500000 32.365202
156.000000 5.000000 36.307138
156.000000 5.500000 40.134184
156.000000 6.000000 43.828220
156.000000 6.500000 47.229943
156.000000 7.000000 49.889535
156.000000 7.500000 51.704625
156.000000 8.000000 54.466288
156.000000 8.500000 56.785155
156.000000 9.000000 58.061856
156.000000 9.500000 58.941086
158.000000 0.000000 -10.000000
158.000000 0.500000 -10.000000
158.000000 1.000000 -10.000000
158.000000 1.500000 -10.000000
158.000000 2.000000 5.554759
158.000000 2.500000 12.974465
158.000000 3.000000 18.787995
158.000000 3.500000 23.698096
158.000000 4.000000 28.099500
158.000000 4.500000 32.212743
158.000000 5.000000 36.157291
158.000000 5.500000 39.985806
158.000000 6.000000 43.680668
158.000000 6.500000 47.102441
158.000000 7.000000 49.778092
158.000000 7.500000 51.459157
158.000000 8.000000 54.324141
158.000000 8.500000 56.665974
158.000000 9.000000 57.921829
158.000000 9.500000 58.829960
160.000000 0.000000 -10.000000
160.000000 0.500000 -10.000000
160.000000 1.000000 -10.000000
160.000000 1.500000 -10.000000
160.000000 2.000000 5.952302
160.000000 2.500000 13.418460
160.000000 3.000000 19.258113
160.000000 3.500000 24.182904
160.000000 4.000000 28.592568
160.000000 4.500000 32.710456
160.000000 5.000000 36.657616
160.000000 5.500000 40.490496
160.000000 6.000000 44.198147
160.000000 6.500000 47.627295
160.000000 7.000000 50.286960
160.000000 7.500000 52.019591
160.000000 8.000000 54.877098
160.000000 8.500000 57.177620
160.000000 9.000000 58.491180
160.000000 9.500000 59.339144
162.000000 0.000000 -10.000000
162.000000 0.500000 -10.000000
162.000000 1.000000 -10.000000
162.000000 1.500000 -10.000000
162.000000 2.000000 5.661475
162.000000 2.500000 13.174086
162.000000 3.000000 19.039861
162.000000 3.500000 23.979341
162.000000 4.000000 28.397266
162.000000 4.500000 32.519799
162.000000 5.000000 36.469572
162.000000 5.500000 40.301518
162.000000 6.000000 44.009995
162.000000 6.500000 47.439607
162.000000 7.000000 50.143441
162.000000 7.500000 51.817508
162.000000 8.000000 54.726992
162.000000 8.500000 57.011633
162.000000 9.000000 58.353377
162.000000 9.500000 59.195942
164.000000 0.000000 -10.000000
164.000000 0.500000 -10.000000
164.000000 1.000000 -10.000000
164.000000 1.500000 -10.000000
164.000000 2.000000 6.296052
164.000000 2.500000 13.855116
164.000000 3.000000 19.747012
164.000000 3.500000 24.701183
164.000000 4.000000 29.127368
164.000000 4.500000 33.254546
164.000000 5.000000 37.206931
164.000000 5.500000 41.039853
164.000000 6.000000 44.744254
164.000000 6.500000 48.174332
164.000000 7.000000 50.799712
164.000000 7.500000 52.619358
164.000000 8.000000 55.384055
164.000000 8.500000 57.725266
164.000000 9.000000 59.001985
164.000000 9.500000 59.854324
166.000000 0.000000 -10.000000
166.000000 0.500000 -10.000000
166.000000 1.000000 -10.000000
166.000000 1.500000 -10.000000
166.000000 2.000000 5.979595
166.000000 2.500000 13.585110
166.000000 3.000000 19.503129
166.000000 3.500000 24.471989
166.000000 4.000000 28.906435
166.000000 4.500000 33.038258
166.000000 5.000000 36.993255
166.000000 5.500000 40.827646
166.000000 6.000000 44.529988
166.000000 6.500000 47.970638
166.000000 7.000000 50.631414
166.000000 7.500000 52.352345
166.000000 8.000000 55.234604
166.000000 8.500000 57.547014
166.000000 9.000000 58.842931
166.000000 9.500000 59.675586
168.000000 0.000000 -10.000000
168.000000 0.500000 -10.000000
168.000000 1.000000 -10.000000
168.000000 1.500000 -10.000000
168.000000 2.000000 6.673483
168.000000 2.500000 14.325451
168.000000 3.000000 20.269592
168.000000 3.500000 25.253141
168.000000 4.000000 29.695847
168.000000 4.500000 33.832316
168.000000 5.000000 37.789925
168.000000 5.500000 41.625785
168.000000 6.000000 45.332001
168.000000 6.500000 48.763007
168.000000 7.000000 51.420465
168.000000 7.500000 53.214641
168.000000 8.000000 56.000659
168.000000 8.500000 58.321188
168.000000 9.000000 59.599316
168.000000 9.500000 60.473916
170.000000 0.000000 -10.000000
170.000000 0.500000 -10.000000
170.000000 1.000000 -10.000000
170.000000 1.500000 -10.000000
170.000000 2.000000 6.431993
170.000000 2.500000 14.130417
170.000000 3.000000 20.100692
170.000000 3.500000 25.098967
170.000000 4.000000 29.550049
170.000000 4.500000 33.691527
170.000000 5.000000 37.652903
170.000000 5.500000 41.493912
170.000000 6.000000 45.205694
170.000000 6.500000 48.637164
170.000000 7.000000 51.287745
170.000000 7.500000 52.981260
170.000000 8.000000 55.915472
170.000000 8.500000 58.194301
170.000000 9.000000 59.543329
170.000000 9.500000 60.339319
172.000000 0.000000 -10.000000
172.000000 0.500000 -10.000000
172.000000 1.000000 -10.000000
172.000000 1.500000 -10.000000
172.000000 2.000000 7.366488
172.000000 2.500000 15.111361
172.000000 3.000000 21.107746
172.000000 3.500000 26.120675
172.000000 4.000000 30.579902
172.000000 4.500000 34.725662
172.000000 5.000000 38.688495
172.000000 5.500000 42.527293
172.000000 6.000000 46.227938
172.000000 6.500000 49.650283
172.000000 7.000000 52.311253
172.000000 7.500000 54.159342
172.000000 8.000000 56.897252
172.000000 8.500000 59.203279
172.000000 9.000000 60.537648
172.000000 9.500000 61.365338
174.000000 0.000000 -10.000000
174.000000 0.500000 -10.000000
174.000000 1.000000 -10.000000
174.000000 1.500000 -10.000000
174.000000 2.000000 7.346596
174.000000 2.500000 15.137925
174.000000 3.000000 21.160444
174.000000 3.500000 26.188098
174.000000 4.000000 30.655701
174.000000 4.500000 34.806470
174.000000 5.000000 38.773070
174.000000 5.500000 42.617017
174.000000 6.000000 46.330451
174.000000 6.500000 49.762850
174.000000 7.000000 52.384564
174.000000 7.500000 54.108303
174.000000 8.000000 56.969594
174.000000 8.500000 59.310708
174.000000 9.000000 60.612786
174.000000 9.500000 61.445732
176.000000 0.000000 -10.000000
176.000000 0.500000 -10.000000
176.000000 1.000000 -10.000000
176.000000 1.500000 -10.000000
176.000000 2.000000 8.717634
176.000000 2.500000 16.555412
176.000000 3.000000 22.604041
176.000000 3.500000 27.646349
176.000000 4.000000 32.122097
176.000000 4.500000 36.277147
176.000000 5.000000 40.245205
176.000000 5.500000 44.086940
176.000000 6.000000 47.789237
176.000000 6.500000 51.205735
176.000000 7.000000 53.818220
176.000000 7.500000 55.697009
176.000000 8.000000 58.393314
176.000000 8.500000 60.748018
176.000000 9.000000 62.054879
176.000000 9.500000 62.889195
178.000000 0.000000 -10.000000
178.000000 0.500000 -10.000000
178.000000 1.000000 -10.000000
178.000000 1.500000 -10.000000
178.000000 2.000000 9.939441
178.000000 2.500000 17.823671
178.000000 3.000000 23.898423
178.000000 3.500000 28.955420
178.000000 4.000000 33.439429
178.000000 4.500000 37.599124
178.000000 5.000000 41.569795
178.000000 5.500000 45.412999
178.000000 6.000000 49.116122
178.000000 6.500000 52.536329
178.000000 7.000000 55.173914
178.000000 7.500000 56.915100
178.000000 8.000000 59.834780
178.000000 8.500000 62.115928
178.000000 9.000000 63.155418
178.000000 9.500000 63.601982
180.000000 0.000000 -10.000000
180.000000 0.500000 -10.000000
180.000000 1.000000 -10.000000
180.000000 1.500000 6.752714
180.000000 2.000000 17.937189
180.000000 2.500000 25.867868
180.000000 3.000000 31.968730
180.000000 3.500000 37.040378
180.000000 4.000000 41.532527
180.000000 4.500000 45.696485
180.000000 5.000000 49.668553
180.000000 5.500000 53.509352
180.000000 6.000000 57.200671
180.000000 6.500000 60.548564
180.000000 7.000000 62.936257
180.000000 7.500000 65.242637
180.000000 8.000000 67.637830
180.000000 8.500000 69.912963
180.000000 9.000000 70.729566
180.000000 9.500000 72.154962
